
165342,3.11,0.00,0.00
165347,3.11,0.00,0.00
165352,3.11,0.00,0.00
165357,3.11,0.00,0.00
165362,3.11,0.00,0.00
165367,3.11,0.00,0.00
165372,3.11,0.00,0.00
165377,3.11,0.00,0.00
165382,3.11,0.00,0.00
165387,3.11,0.00,0.00
165392,3.11,0.00,0.00
165397,3.11,0.00,0.00
165402,3.11,0.00,0.00
165407,3.11,0.00,0.00
165412,3.11,0.00,0.00
165417,3.11,0.00,0.00
165422,3.11,0.00,0.00
165427,3.11,0.00,0.00
165432,3.11,0.00,0.00
165437,3.11,-1.53,0.00
165442,3.11,0.00,0.00
165447,3.11,0.00,0.00
165452,3.11,0.00,0.00
165457,3.11,0.00,0.00
165462,3.11,0.00,0.00
165467,3.11,0.00,0.00
165472,3.11,0.00,0.00
165477,3.11,0.00,0.00
165482,3.11,0.00,0.00
165487,3.11,0.00,0.00
165492,3.11,0.00,0.00
165497,3.11,0.00,0.00
165502,3.11,0.00,0.00
165507,3.11,0.00,0.00
165512,3.11,0.00,0.00
165517,3.11,0.00,0.00
165522,3.11,0.00,0.00
165527,3.11,0.00,0.00
165532,3.11,0.00,0.00
165537,3.11,0.00,0.00
165542,3.11,0.00,0.00
165547,3.11,0.00,0.00
165552,3.11,0.00,0.00
165557,3.11,0.00,0.00
165562,3.11,0.00,0.00
165567,3.11,0.00,0.00
165572,3.11,1.53,0.00
165577,3.11,0.00,0.00
165582,3.11,0.00,0.00
165587,3.11,0.00,0.00
165592,3.11,0.00,0.00
165597,3.11,0.00,0.00
165602,3.11,0.00,0.00
165607,3.11,0.00,0.00
165612,3.11,0.00,0.00
165617,3.11,1.53,0.00
165622,3.11,0.00,0.00
165627,3.11,0.00,0.00
165632,3.11,0.00,0.00
165637,3.11,0.00,0.00
165642,3.11,0.00,0.00
165647,3.11,0.00,0.00
165652,3.11,1.53,0.00
165657,3.11,0.00,0.00
165662,3.11,0.00,0.00
165667,3.11,0.00,0.00
165672,3.11,0.00,0.00
165677,3.11,0.00,0.00
165682,3.11,0.00,0.00
165687,3.11,0.00,0.00
#682597,3.11,0.00,0.00
682603,3.11,0.00,0.00
2608,3.11,0.00,0.00
682613,3.11,0.00,0.00
682617,3.11,0.00,0.00
682623,3.12,0.00,0.00
682628,3.11,0.00,0.00
682633,3.11,-1.53,0.00
682637,3.11,0.00,0.00
682643,3.11,0.00,0.00
682648,3.11,-1.53,0.00
682653,3.11,0.00,0.00
682657,3.11,-1.53,0.00
682663,3.11,0.00,0.00
682668,3.11,-1.53,0.00
682673,3.11,-1.53,0.00
682677,3.11,-1.53,0.00
682683,3.11,0.00,0.00
682688,3.11,0.00,0.00
682693,3.11,0.00,0.00
682697,3.11,0.00,0.00
682703,3.11,0.00,0.00
682708,3.11,0.00,0.00
682713,3.11,0.00,0.00
682717,3.12,0.00,0.00
682723,3.11,0.00,0.00
682728,3.11,0.00,0.00
682733,3.11,0.00,0.00
682737,3.11,0.00,0.00
682743,3.11,0.00,0.00
682748,3.11,0.00,0.00
682753,3.11,0.00,0.00
682757,3.11,0.00,0.00
682763,3.11,0.00,0.00
682768,3.11,0.00,0.00
682773,3.11,0.00,0.00
682777,3.11,0.00,0.00
682783,3.11,0.00,0.00
682788,3.11,0.00,0.00
682793,3.11,0.00,0.00
682797,3.11,0.00,0.00
682803,3.11,0.00,0.00
682808,3.11,0.00,0.00
682813,3.11,0.00,0.00
682817,3.11,0.00,0.00
682823,3.11,0.00,0.00
682828,3.11,0.00,0.00
682833,3.11,-1.53,0.00
682837,3.11,0.00,0.00
682843,3.11,0.00,0.00
682848,3.12,0.00,0.00
682853,3.11,0.00,0.00
682857,3.11,-1.53,0.00
682863,3.11,0.00,0.00
682868,3.11,0.00,0.00
682873,3.11,0.00,0.00
682877,3.11,0.00,0.00
682883,3.11,0.00,0.00
682888,3.11,0.00,0.00
682893,3.11,0.00,0.00
682897,3.11,0.00,0.00
682903,3.11,0.00,0.00
682908,3.11,0.00,0.00
682913,3.11,0.00,0.00
682917,3.11,-1.53,0.00
682923,3.11,0.00,0.00
682928,3.11,0.00,0.00
682933,3.11,0.00,0.00
682937,3.11,-1.53,0.00
682943,3.11,0.00,0.00
682948,3.11,0.00,0.00
682953,3.11,0.00,0.00
682957,3.11,0.00,0.00
682963,3.12,1.53,0.00
682968,3.11,0.00,0.00
682973,3.11,0.00,0.00
682977,3.11,0.00,0.00
682983,3.11,0.00,0.00
682988,3.11,0.00,0.00
682993,3.11,0.00,0.00
682997,3.11,0.00,0.00
683003,3.11,0.00,0.00
683008,3.11,0.00,0.00
683013,3.11,0.00,0.00
683017,3.11,0.00,0.00
683023,3.11,0.00,0.00
683028,3.11,0.00,0.00
683033,3.11,0.00,0.00
683037,3.11,0.00,0.00
683043,3.11,-1.53,0.00
683048,3.12,1.53,0.00
683053,3.12,1.53,0.00
683057,3.11,0.00,0.00
683063,3.12,1.53,0.00
683068,3.11,0.00,0.00
683073,3.11,0.00,0.00
683077,3.11,0.00,0.00
683083,3.11,0.00,0.00
683088,3.11,0.00,0.00
683093,3.11,0.00,0.00
683097,3.11,0.00,0.00
683103,3.11,0.00,0.00
683108,3.11,0.00,0.00
683113,3.12,1.53,0.00
683117,3.11,0.00,0.00
683123,3.12,0.00,0.00
683128,3.11,0.00,0.00
683133,3.11,-1.53,0.00
683137,3.11,0.00,0.00
683143,3.11,0.00,0.00
683148,3.11,0.00,0.00
683153,3.11,0.00,0.00
683157,3.11,0.00,0.00
683163,3.11,0.00,0.00
683168,3.11,0.00,0.00
683173,3.11,-1.53,0.00
683177,3.11,0.00,0.00
683183,3.12,0.00,0.00
683188,3.11,0.00,0.00
683193,3.11,0.00,0.00
683197,3.12,1.53,0.00
683203,3.12,1.53,0.00
683208,3.11,0.00,0.00
683213,3.12,1.53,0.00
683217,3.11,0.00,0.00
683223,3.11,0.00,0.00
683228,3.12,1.53,0.00
683233,3.11,0.00,0.00
683237,3.11,0.00,0.00
683243,3.11,0.00,0.00
683248,3.11,0.00,0.00
683253,3.11,0.00,0.00
683257,3.12,0.00,0.00
683263,3.11,0.00,0.00
683268,3.11,0.00,0.00
683273,3.11,0.00,0.00
683277,3.11,0.00,0.00
683283,3.11,0.00,0.00
683288,3.11,0.00,0.00
683293,3.12,1.53,0.00
683297,3.11,0.00,0.00
683303,3.11,0.00,0.00
683308,3.12,1.53,0.00
683313,3.11,-1.53,0.00
683317,3.11,0.00,0.00
683323,3.11,0.00,0.00
683328,3.11,0.00,0.00
683333,3.12,1.53,0.00
683337,3.12,1.53,0.00
683343,3.11,0.00,0.00
683348,3.11,-1.53,0.00
683353,3.11,-1.53,0.00
683357,3.12,1.53,0.00
683363,3.11,0.00,0.00
683368,3.12,1.53,0.00
683373,3.11,0.00,0.00
683377,3.12,0.00,0.00
683383,3.11,0.00,0.00
683388,3.11,-1.53,0.00
683393,3.11,0.00,0.00
683397,3.11,-1.53,0.00
683403,3.11,0.00,0.00
683408,3.11,0.00,0.00
683413,3.12,1.53,0.00
683417,3.11,0.00,0.00
683423,3.11,0.00,0.00
683428,3.11,0.00,0.00
683433,3.11,0.00,0.00
683437,3.11,-1.53,0.00
683443,3.11,0.00,0.00
683448,3.11,0.00,0.00
683453,3.11,0.00,0.00
683457,3.11,0.00,0.00
683463,3.11,0.00,0.00
683468,3.12,1.53,0.00
683473,3.11,0.00,0.00
683477,3.11,0.00,0.00
683483,3.12,1.53,0.00
683488,3.11,0.00,0.00
683493,3.11,0.00,0.00
683497,3.12,1.53,0.00
683503,3.11,0.00,0.00
683508,3.11,-1.53,0.00
683513,3.11,0.00,0.00
683517,3.12,0.00,0.00
683523,3.12,0.00,0.00
683528,3.11,0.00,0.00
683533,3.11,0.00,0.00
683537,3.11,0.00,0.00
683543,3.11,0.00,0.00
683548,3.11,0.00,0.00
683553,3.11,0.00,0.00
683557,3.11,0.00,0.00
683563,3.12,1.53,0.00
683568,3.11,-1.53,0.00
683573,3.12,1.53,0.00
683577,3.11,-1.53,0.00
683583,3.11,0.00,0.00
683588,3.12,0.00,0.00
683593,3.11,0.00,0.00
683597,3.12,1.53,0.00
683603,3.11,0.00,0.00
683608,3.12,1.53,0.00
683613,3.11,0.00,0.00
683617,3.12,0.00,0.00
683623,3.11,0.00,0.00
683628,3.11,-1.53,0.00
683633,3.11,0.00,0.00
683637,3.11,0.00,0.00
683643,3.11,0.00,0.00
683648,3.12,1.53,0.00
683653,3.12,0.00,0.00
683657,3.11,0.00,0.00
683663,3.11,0.00,0.00
683668,3.11,0.00,0.00
683673,3.11,0.00,0.00
683677,3.11,0.00,0.00
683683,3.12,1.53,0.00
683688,3.11,0.00,0.00
683693,3.11,0.00,0.00
683697,3.12,0.00,0.00
683703,3.11,0.00,0.00
683708,3.11,0.00,0.00
683713,3.11,0.00,0.00
683717,3.11,0.00,0.00
683723,3.12,1.53,0.00
683728,3.11,-1.53,0.00
683733,3.11,0.00,0.00
683737,3.11,0.00,0.00
683743,3.11,0.00,0.00
683748,3.11,0.00,0.00
683753,3.11,-1.53,0.00
683757,3.11,0.00,0.00
683763,3.11,0.00,0.00
683768,3.11,0.00,0.00
683773,3.11,0.00,0.00
683777,3.11,0.00,0.00
683783,3.12,1.53,0.00
683788,3.11,0.00,0.00
683793,3.11,0.00,0.00
683797,3.11,0.00,0.00
683803,3.12,1.53,0.00
683808,3.11,0.00,0.00
683813,3.11,0.00,0.00
683817,3.11,0.00,0.00
683823,3.11,0.00,0.00
683828,3.11,-1.53,0.00
683833,3.11,0.00,0.00
683837,3.11,0.00,0.00
683843,3.11,0.00,0.00
683848,3.11,0.00,0.00
683853,3.11,0.00,0.00
683857,3.11,-1.53,0.00
683863,3.11,0.00,0.00
683868,3.11,0.00,0.00
683873,3.11,0.00,0.00
683877,3.11,-1.53,0.00
683883,3.11,-1.53,0.00
683888,3.11,0.00,0.00
683893,3.11,0.00,0.00
683897,3.11,-1.53,0.00
683903,3.11,0.00,0.00
683908,3.11,0.00,0.00
683913,3.11,0.00,0.00
683917,3.11,0.00,0.00
683923,3.11,0.00,0.00
683928,3.11,0.00,0.00
683933,3.11,0.00,0.00
683937,3.11,0.00,0.00
683943,3.11,0.00,0.00
683948,3.11,0.00,0.00
683953,3.11,0.00,0.00
683957,3.11,0.00,0.00
683963,3.11,0.00,0.00
683968,3.11,-1.53,0.00
683973,3.11,0.00,0.00
683977,3.11,0.00,0.00
683983,3.11,0.00,0.00
683988,3.11,0.00,0.00
683993,3.11,0.00,0.00
683997,3.11,0.00,0.00
684003,3.11,0.00,0.00
684008,3.11,0.00,0.00
684013,3.11,0.00,0.00
684017,3.11,0.00,0.00
684023,3.11,0.00,0.00
684028,3.12,0.00,0.00
684033,3.11,0.00,0.00
684037,3.11,0.00,0.00
684043,3.11,0.00,0.00
684048,3.11,0.00,0.00
684053,3.12,1.53,0.00
684057,3.11,-1.53,0.00
684063,3.11,0.00,0.00
684068,3.11,0.00,0.00
684073,3.11,-1.53,0.00
684077,3.11,0.00,0.00
684083,3.11,0.00,0.00
684088,3.11,0.00,0.00
684093,3.11,0.00,0.00
684097,3.11,0.00,0.00
684103,3.11,0.00,0.00
684108,3.12,0.00,0.00
684113,3.11,0.00,0.00
684117,3.11,0.00,0.00
684123,3.11,0.00,0.00
684128,3.11,0.00,0.00
684133,3.11,0.00,0.00
684137,3.11,0.00,0.00
684143,3.11,0.00,0.00
684148,3.11,-1.53,0.00
684153,3.11,0.00,0.00
684157,3.12,1.53,0.00
684163,3.11,0.00,0.00
684168,3.11,0.00,0.00
684173,3.11,0.00,0.00
684177,3.11,0.00,0.00
684183,3.11,0.00,0.00
684188,3.11,0.00,0.00
684193,3.11,0.00,0.00
684197,3.12,0.00,0.00
684203,3.11,0.00,0.00
684208,3.11,-1.53,0.00
684213,3.11,0.00,0.00
684217,3.11,0.00,0.00
684223,3.11,0.00,0.00
684228,3.11,0.00,0.00
684233,3.11,0.00,0.00
684237,3.11,0.00,0.00
684243,3.11,0.00,0.00
684248,3.11,0.00,0.00
684253,3.11,0.00,0.00
684257,3.11,-1.53,0.00
684263,3.11,0.00,0.00
684268,3.11,0.00,0.00
684273,3.11,0.00,0.00
684277,3.11,0.00,0.00
684283,3.11,0.00,0.00
684288,3.11,0.00,0.00
684293,3.11,0.00,0.00
684297,3.12,1.53,0.00
684303,3.11,-1.53,0.00
684308,3.11,0.00,0.00
684313,3.11,0.00,0.00
684317,3.11,0.00,0.00
684323,3.11,-1.53,0.00
684328,3.11,0.00,0.00
684333,3.11,0.00,0.00
684337,3.11,0.00,0.00
684343,3.11,0.00,0.00
684348,3.11,0.00,0.00
684353,3.11,0.00,0.00
684357,3.11,0.00,0.00
684363,3.11,0.00,0.00
684368,3.11,0.00,0.00
684373,3.11,0.00,0.00
684377,3.11,0.00,0.00
684383,3.11,0.00,0.00
684388,3.11,0.00,0.00
684393,3.11,0.00,0.00
684397,3.11,0.00,0.00
684403,3.11,-1.53,0.00
684408,3.11,0.00,0.00
684413,3.11,0.00,0.00
684417,3.12,1.53,0.00
684423,3.11,0.00,0.00
684428,3.11,0.00,0.00
684433,3.11,0.00,0.00
684437,3.11,0.00,0.00
684443,3.11,0.00,0.00
684448,3.11,-1.53,0.00
684453,3.11,0.00,0.00
684457,3.11,0.00,0.00
684463,3.11,0.00,0.00
684468,3.11,0.00,0.00
684473,3.11,0.00,0.00
684477,3.11,0.00,0.00
684483,3.11,-1.53,0.00
684488,3.11,-1.53,0.00
684493,3.11,0.00,0.00
684497,3.11,0.00,0.00
684503,3.12,0.00,0.00
684508,3.11,0.00,0.00
684513,3.12,0.00,0.00
684517,3.11,0.00,0.00
684523,3.11,0.00,0.00
684528,3.11,0.00,0.00
684533,3.11,-1.53,0.00
684537,3.11,0.00,0.00
684543,3.11,0.00,0.00
684548,3.11,0.00,0.00
684553,3.11,0.00,0.00
684557,3.11,0.00,0.00
684563,3.11,0.00,0.00
684568,3.11,0.00,0.00
684573,3.11,-1.53,0.00
684577,3.11,0.00,0.00
684583,3.11,0.00,0.00
684588,3.11,0.00,0.00
684593,3.11,0.00,0.00
684597,3.11,-1.53,0.00
684603,3.11,0.00,0.00
684608,3.11,-1.53,0.00
684613,3.11,0.00,0.00
684617,3.12,0.00,0.00
684623,3.11,0.00,0.00
684628,3.11,0.00,0.00
684633,3.11,0.00,0.00
684637,3.11,0.00,0.00
684643,3.12,0.00,0.00
684648,3.11,0.00,0.00
684653,3.12,1.53,0.00
684657,3.11,0.00,0.00
684663,3.11,0.00,0.00
684668,3.11,0.00,0.00
684673,3.11,0.00,0.00
684677,3.11,0.00,0.00
684683,3.11,0.00,0.00
684688,3.11,0.00,0.00
684693,3.11,-1.53,0.00
684697,3.11,0.00,0.00
684703,3.11,0.00,0.00
684708,3.11,0.00,0.00
684713,3.11,0.00,0.00
684717,3.11,0.00,0.00
684723,3.11,0.00,0.00
684728,3.12,0.00,0.00
684733,3.11,-1.53,0.00
684737,3.12,0.00,0.00
684743,3.11,0.00,0.00
684748,3.12,1.53,0.00
684753,3.11,0.00,0.00
684757,3.12,0.00,0.00
684763,3.11,0.00,0.00
684768,3.11,0.00,0.00
684773,3.11,0.00,0.00
684777,3.11,0.00,0.00
684783,3.11,0.00,0.00
684788,3.11,0.00,0.00
684793,3.11,-1.53,0.00
684797,3.11,0.00,0.00
684803,3.11,0.00,0.00
684808,3.11,0.00,0.00
684813,3.11,0.00,0.00
684817,3.11,0.00,0.00
684823,3.11,0.00,0.00
684828,3.11,0.00,0.00
684833,3.11,0.00,0.00
684837,3.11,0.00,0.00
684843,3.11,0.00,0.00
684848,3.12,0.00,0.00
684853,3.11,0.00,0.00
684857,3.11,0.00,0.00
684863,3.11,0.00,0.00
684868,3.11,0.00,0.00
684873,3.11,0.00,0.00
684877,3.11,0.00,0.00
684883,3.11,0.00,0.00
684888,3.11,-1.53,0.00
684893,3.11,0.00,0.00
684897,3.11,0.00,0.00
684903,3.11,0.00,0.00
684908,3.11,0.00,0.00
684913,3.11,0.00,0.00
684917,3.11,0.00,0.00
684923,3.11,0.00,0.00
684928,3.11,0.00,0.00
684933,3.11,0.00,0.00
684937,3.12,0.00,0.00
684943,3.12,0.00,0.00
684948,3.12,0.00,0.00
684953,3.12,0.00,0.00
684957,3.12,0.00,0.00
684963,3.12,0.00,0.00
684968,3.12,0.00,0.00
684973,3.12,0.00,0.00
684977,3.12,1.53,0.00
684983,3.12,0.00,0.00
684988,3.12,0.00,0.00
684993,3.12,0.00,0.00
684997,3.12,0.00,0.00
685003,3.12,0.00,0.00
685008,3.12,0.00,0.00
685013,3.12,0.00,0.00
685017,3.12,0.00,0.00
685023,3.12,0.00,0.00
685028,3.11,0.00,0.00
685033,3.11,0.00,0.00
685037,3.11,-1.53,0.00
685043,3.11,0.00,0.00
685048,3.10,-1.53,0.00
685053,3.10,0.00,0.00
685057,3.09,-1.53,0.00
685063,3.08,-3.07,0.00
685068,3.08,-3.07,0.00
685073,3.06,-3.07,0.00
685077,3.05,-3.07,0.00
685083,3.04,-3.07,0.00
685088,3.02,-3.07,0.00
685093,3.01,-3.07,0.00
685097,2.99,-3.07,0.00
685103,2.97,-4.60,0.00
685108,2.95,-4.60,0.00
685113,2.92,-4.60,0.00
685117,2.90,-4.60,0.00
685123,2.88,-4.60,0.00
685128,2.85,-4.60,0.00
685133,2.82,-4.60,0.00
685137,2.80,-6.14,0.00
685143,2.77,-6.14,0.00
685148,2.74,-6.14,0.00
685153,2.71,-6.14,0.00
685157,2.69,-4.60,0.00
685163,2.66,-6.14,0.00
685168,2.63,-4.60,0.00
685173,2.60,-6.14,0.00
685177,2.57,-6.14,0.00
685183,2.54,-4.60,0.00
685188,2.51,386.56,0.00
685193,2.49,-6.14,0.00
685197,2.46,-6.14,0.00
685203,2.43,-6.14,0.00
685208,2.40,-6.14,0.00
685213,2.37,-6.14,0.00
685217,2.34,-6.14,0.00
685223,2.30,-7.67,0.00
685228,2.26,-6.14,0.00
685233,2.22,-6.14,0.00
685237,2.19,-7.67,0.00
685243,2.15,-7.67,0.00
685248,2.10,-9.20,0.00
685253,2.06,-7.67,0.00
685257,2.03,-6.14,0.00
685263,1.99,-7.67,0.00
685268,1.95,-6.14,0.00
685273,1.92,-6.14,0.00
685277,1.89,-7.67,0.00
685283,1.85,-7.67,0.00
685288,1.82,-6.14,0.00
685293,1.78,-7.67,0.00
685297,1.76,-4.60,0.00
685303,1.73,-6.14,0.00
685308,1.70,-6.14,0.00
685313,1.66,-6.14,0.00
685317,1.64,-6.14,0.00
685323,1.61,-6.14,0.00
685328,1.58,-4.60,0.00
685333,1.55,-6.14,0.00
685337,1.52,-6.14,0.00
685343,1.48,-7.67,0.00
685348,1.45,-7.67,0.00
685353,1.41,-7.67,0.00
685357,1.38,-6.14,0.00
685363,1.34,-7.67,0.00
685368,1.30,-7.67,0.00
685373,1.26,-7.67,0.00
685377,1.22,-9.20,0.00
685383,1.18,-7.67,0.00
685388,1.14,-7.67,0.00
685393,1.09,-9.20,0.00
685397,1.06,-9.20,0.00
685403,1.01,-9.20,0.00
685408,0.97,-9.20,0.00
685413,0.92,-7.67,0.00
685417,0.89,-7.67,0.00
685423,0.85,-7.67,0.00
685428,0.81,-7.67,0.00
685433,0.76,-7.67,0.00
685437,0.73,-7.67,0.00
685443,0.69,-7.67,0.00
685448,0.65,-7.67,0.00
685453,0.62,-6.14,0.00
685457,0.59,-6.14,0.00
685463,0.55,386.56,0.00
685468,0.52,-6.14,0.00
685473,0.48,-7.67,0.00
685477,0.46,-6.14,0.00
685483,0.42,-6.14,0.00
685488,0.39,-6.14,0.00
685493,0.36,-4.60,0.00
685497,0.34,-6.14,0.00
685503,0.31,-4.60,0.00
685508,0.28,-4.60,12.00
685513,0.26,-4.60,12.00
685517,0.23,-6.14,12.00
685523,0.20,-4.60,12.00
685528,0.17,-6.14,12.00
685533,0.14,-6.14,12.00
685537,0.12,-6.14,12.00
685543,0.09,-6.14,12.00
685548,0.06,-6.14,12.00
685553,0.03,-6.14,12.00
685557,0.00,-6.14,12.00
685563,-0.03,-6.14,12.00
685568,-0.06,-6.14,12.00
685573,-0.10,-6.14,12.00
685577,-0.12,-7.67,12.00
685583,-0.16,-6.14,12.00
685588,-0.19,-7.67,12.00
685593,-0.23,-6.14,12.00
685597,-0.25,-7.67,12.00
685603,-0.29,-6.14,12.00
685608,-0.32,-6.14,0.00
685613,-0.36,-6.14,0.00
685617,-0.38,-4.60,0.00
685623,-0.41,-6.14,0.00
685628,-0.43,-3.07,0.00
685633,-0.45,-4.60,0.00
685637,-0.47,-3.07,0.00
685643,-0.49,-3.07,0.00
685648,-0.50,-3.07,0.00
685653,-0.51,-1.53,0.00
685657,-0.52,-1.53,0.00
685663,-0.52,-1.53,0.00
685668,-0.52,-1.53,0.00
685673,-0.52,0.00,0.00
685677,-0.52,1.53,0.00
685683,-0.52,0.00,0.00
685688,-0.51,3.07,0.00
685693,-0.50,3.07,0.00
685697,-0.49,3.07,0.00
685703,-0.48,3.07,0.00
685708,-0.46,4.60,0.00
685713,-0.44,3.07,0.00
685717,-0.43,4.60,0.00
685723,-0.41,3.07,0.00
685728,-0.39,4.60,0.00
685733,-0.36,4.60,0.00
685737,-0.34,4.60,0.00
685743,-0.32,6.14,0.00
685748,-0.29,6.14,12.00
685753,-0.27,4.60,12.00
685757,-0.25,3.07,12.00
685763,-0.23,3.07,12.00
685768,-0.21,3.07,12.00
685773,-0.20,3.07,12.00
685777,-0.19,3.07,12.00
685783,-0.18,1.53,12.00
685788,-0.17,1.53,12.00
685793,-0.16,1.53,12.00
685797,-0.16,0.00,12.00
685803,-0.16,0.00,12.00
685808,-0.16,0.00,12.00
685813,-0.16,0.00,12.00
685817,-0.17,-1.53,12.00
685823,-0.17,-1.53,12.00
685828,-0.18,-1.53,12.00
685833,-0.19,-1.53,12.00
685837,-0.19,-1.53,12.00
685843,-0.20,-1.53,12.00
685848,-0.21,-1.53,12.00
685853,-0.23,-1.53,12.00
685857,-0.24,-3.07,12.00
685863,-0.25,-3.07,12.00
685868,-0.27,-3.07,12.00
685873,-0.28,-3.07,12.00
685877,-0.29,-3.07,12.00
685883,-0.30,-1.53,0.00
685888,-0.31,-3.07,0.00
685893,-0.32,-1.53,0.00
685897,-0.33,-1.53,0.00
685903,-0.33,-1.53,0.00
685908,-0.33,0.00,0.00
685913,-0.33,0.00,0.00
685917,-0.33,0.00,0.00
685923,-0.33,1.53,0.00
685928,-0.33,1.53,0.00
685933,-0.32,1.53,0.00
685937,-0.31,1.53,0.00
685943,-0.30,1.53,0.00
685948,-0.29,1.53,12.00
685953,-0.28,1.53,12.00
685957,-0.27,1.53,12.00
685963,-0.26,1.53,12.00
685968,-0.26,1.53,12.00
685973,-0.25,1.53,12.00
685977,-0.24,1.53,12.00
685983,-0.23,1.53,12.00
685988,-0.23,1.53,12.00
685993,-0.23,0.00,12.00
685997,-0.22,1.53,12.00
686003,-0.22,1.53,12.00
686008,-0.22,0.00,12.00
686013,-0.22,0.00,12.00
686017,-0.22,-1.53,12.00
686023,-0.22,0.00,12.00
686028,-0.22,0.00,12.00
686033,-0.22,0.00,12.00
686037,-0.22,0.00,12.00
686043,-0.22,0.00,12.00
686048,-0.22,0.00,12.00
686053,-0.22,0.00,12.00
686057,-0.22,0.00,12.00
686063,-0.22,0.00,12.00
686068,-0.23,-1.53,12.00
686073,-0.23,0.00,12.00
686077,-0.23,0.00,12.00
686083,-0.23,-1.53,12.00
686088,-0.23,-1.53,12.00
686093,-0.23,0.00,12.00
686097,-0.23,0.00,12.00
686103,-0.23,0.00,12.00
686108,-0.23,0.00,12.00
686113,-0.23,0.00,12.00
686117,-0.23,0.00,12.00
686123,-0.24,0.00,12.00
686128,-0.24,0.00,12.00
686133,-0.24,0.00,12.00
686137,-0.24,0.00,12.00
686143,-0.23,1.53,12.00
686148,-0.23,1.53,12.00
686153,-0.23,0.00,12.00
686157,-0.23,0.00,12.00
686163,-0.22,1.53,12.00
686168,-0.22,1.53,12.00
686173,-0.22,0.00,12.00
686177,-0.21,0.00,12.00
686183,-0.21,1.53,12.00
686188,-0.20,0.00,12.00
686193,-0.20,1.53,12.00
686197,-0.19,1.53,12.00
686203,-0.18,1.53,12.00
686208,-0.17,1.53,12.00
686213,-0.16,3.07,12.00
686217,-0.16,1.53,12.00
686223,-0.15,1.53,12.00
686228,-0.14,1.53,12.00
686233,-0.13,3.07,12.00
686237,-0.12,3.07,12.00
686243,-0.10,3.07,12.00
686248,-0.09,3.07,12.00
686253,-0.08,3.07,12.00
686257,-0.06,3.07,12.00
686263,-0.05,3.07,12.00
686268,-0.04,1.53,12.00
686273,-0.02,3.07,12.00
686277,-0.01,1.53,12.00
686283,0.00,3.07,12.00
686288,0.02,1.53,12.00
686293,0.03,3.07,12.00
686297,0.04,1.53,12.00
686303,0.05,1.53,12.00
686308,0.06,1.53,12.00
686313,0.08,3.07,12.00
686317,0.08,3.07,12.00
686323,0.09,1.53,12.00
686328,0.10,3.07,12.00
686333,0.11,1.53,12.00
686337,0.12,1.53,12.00
686343,0.13,1.53,12.00
686348,0.14,1.53,12.00
686353,0.14,0.00,12.00
686357,0.15,1.53,12.00
686363,0.15,0.00,12.00
686368,0.16,1.53,12.00
686373,0.16,0.00,12.00
686377,0.17,0.00,12.00
686383,0.17,0.00,12.00
686388,0.17,0.00,12.00
686393,0.17,0.00,12.00
686397,0.17,0.00,12.00
686403,0.18,0.00,12.00
686408,0.18,0.00,12.00
686413,0.18,1.53,12.00
686417,0.18,1.53,12.00
686423,0.18,0.00,12.00
686428,0.18,0.00,12.00
686433,0.18,0.00,12.00
686437,0.18,0.00,12.00
686443,0.18,0.00,12.00
686448,0.18,0.00,12.00
686453,0.18,0.00,12.00
686457,0.18,0.00,12.00
686463,0.18,0.00,12.00
686468,0.18,0.00,12.00
686473,0.18,0.00,12.00
686477,0.18,0.00,12.00
686483,0.18,0.00,12.00
686488,0.18,0.00,12.00
686493,0.18,0.00,12.00
686497,0.18,1.53,12.00
686503,0.18,0.00,12.00
686508,0.18,0.00,12.00
686513,0.18,0.00,12.00
686517,0.18,0.00,12.00
686523,0.18,0.00,12.00
686528,0.17,0.00,12.00
686533,0.17,0.00,12.00
686537,0.17,0.00,12.00
686543,0.18,0.00,12.00
686548,0.18,0.00,12.00
686553,0.18,0.00,12.00
686557,0.18,0.00,12.00
686563,0.18,0.00,12.00
686568,0.17,0.00,12.00
686573,0.17,0.00,12.00
686577,0.17,0.00,12.00
686583,0.17,0.00,12.00
686588,0.18,0.00,12.00
686593,0.18,0.00,12.00
686597,0.18,0.00,12.00
686603,0.17,0.00,12.00
686608,0.17,-1.53,12.00
686613,0.17,0.00,12.00
686617,0.17,-1.53,12.00
686623,0.17,0.00,12.00
686628,0.17,0.00,12.00
686633,0.17,0.00,12.00
686637,0.17,0.00,12.00
686643,0.16,-1.53,12.00
686648,0.16,0.00,12.00
686653,0.16,0.00,12.00
686657,0.16,0.00,12.00
686663,0.16,0.00,12.00
686668,0.15,-1.53,12.00
686673,0.15,0.00,12.00
686677,0.15,0.00,12.00
686683,0.15,0.00,12.00
686688,0.15,0.00,12.00
686693,0.15,0.00,12.00
686697,0.14,0.00,12.00
686703,0.14,-1.53,12.00
686708,0.14,0.00,12.00
686713,0.14,0.00,12.00
686717,0.14,0.00,12.00
686723,0.13,-1.53,12.00
686728,0.13,0.00,12.00
686733,0.13,-1.53,12.00
686737,0.12,-1.53,12.00
686743,0.12,-1.53,12.00
686748,0.12,-1.53,12.00
686753,0.12,0.00,12.00
686757,0.12,-1.53,12.00
686763,0.11,-1.53,12.00
686768,0.11,0.00,12.00
686773,0.10,0.00,12.00
686777,0.10,-1.53,12.00
686783,0.10,0.00,12.00
686788,0.09,0.00,12.00
686793,0.09,0.00,12.00
686797,0.09,0.00,12.00
686803,0.09,0.00,12.00
686808,0.08,-1.53,12.00
686813,0.08,0.00,12.00
686817,0.07,-1.53,12.00
686823,0.07,-1.53,12.00
686828,0.06,-1.53,12.00
686833,0.06,0.00,12.00
686837,0.06,0.00,12.00
686843,0.06,0.00,12.00
686848,0.06,-1.53,12.00
686853,0.05,-1.53,12.00
686857,0.05,0.00,12.00
686863,0.04,-1.53,12.00
686868,0.04,-1.53,12.00
686873,0.04,0.00,12.00
686877,0.04,0.00,12.00
686883,0.03,-1.53,12.00
686888,0.03,-1.53,12.00
686893,0.02,-1.53,12.00
686897,0.02,0.00,12.00
686903,0.02,-1.53,12.00
686908,0.01,-1.53,12.00
686913,0.01,0.00,12.00
686917,0.00,-1.53,12.00
686923,0.00,-1.53,12.00
686928,-0.00,0.00,12.00
686933,-0.01,0.00,12.00
686937,-0.01,-1.53,12.00
686943,-0.02,-1.53,12.00
686948,-0.02,-1.53,12.00
686953,-0.02,0.00,12.00
686957,-0.03,0.00,12.00
686963,-0.03,-1.53,12.00
686968,-0.03,-1.53,12.00
686973,-0.04,0.00,12.00
686977,-0.04,-1.53,12.00
686983,-0.05,-1.53,12.00
686988,-0.05,0.00,12.00
686993,-0.05,0.00,12.00
686997,-0.06,-1.53,12.00
687003,-0.06,0.00,12.00
687008,-0.06,0.00,12.00
687013,-0.06,0.00,12.00
687017,-0.07,-1.53,12.00
687023,-0.07,0.00,12.00
687028,-0.08,-1.53,12.00
687033,-0.08,0.00,12.00
687037,-0.08,0.00,12.00
687043,-0.08,0.00,12.00
687048,-0.08,0.00,12.00
687053,-0.08,0.00,12.00
687057,-0.08,0.00,12.00
687063,-0.09,0.00,12.00
687068,-0.09,0.00,12.00
687073,-0.09,-1.53,12.00
687077,-0.09,0.00,12.00
687083,-0.09,0.00,12.00
687088,-0.09,-1.53,12.00
687093,-0.09,0.00,12.00
687097,-0.10,0.00,12.00
687103,-0.10,0.00,12.00
687108,-0.10,0.00,12.00
687113,-0.10,-1.53,12.00
687117,-0.10,0.00,12.00
687123,-0.10,0.00,12.00
687128,-0.10,0.00,12.00
687133,-0.10,0.00,12.00
687137,-0.10,0.00,12.00
687143,-0.10,0.00,12.00
687148,-0.11,-1.53,12.00
687153,-0.11,0.00,12.00
687157,-0.11,0.00,12.00
687163,-0.11,0.00,12.00
687168,-0.11,0.00,12.00
687173,-0.11,-1.53,12.00
687177,-0.11,0.00,12.00
687183,-0.12,0.00,12.00
687188,-0.12,-1.53,12.00
687193,-0.12,0.00,12.00
687197,-0.12,-1.53,12.00
687203,-0.12,0.00,12.00
687208,-0.13,0.00,12.00
687213,-0.13,0.00,12.00
687217,-0.13,-1.53,12.00
687223,-0.13,-1.53,12.00
687228,-0.14,-1.53,12.00
687233,-0.14,-1.53,12.00
687237,-0.15,0.00,12.00
687243,-0.15,0.00,12.00
687248,-0.15,-1.53,12.00
687253,-0.16,0.00,12.00
687257,-0.16,-1.53,12.00
687263,-0.17,-1.53,12.00
687268,-0.17,-1.53,12.00
687273,-0.18,-1.53,12.00
687277,-0.19,-1.53,12.00
687283,-0.20,-1.53,12.00
687288,-0.20,-1.53,12.00
687293,-0.21,-1.53,12.00
687297,-0.22,-1.53,12.00
687303,-0.22,-1.53,12.00
687308,-0.23,-1.53,12.00
687313,-0.24,-1.53,12.00
687317,-0.25,-1.53,12.00
687323,-0.26,-1.53,12.00
687328,-0.27,-1.53,12.00
687333,-0.29,-3.07,12.00
687337,-0.29,-1.53,12.00
687343,-0.31,-3.07,0.00
687348,-0.32,-1.53,0.00
687353,-0.33,-1.53,0.00
687357,-0.33,-1.53,0.00
687363,-0.34,-1.53,0.00
687368,-0.34,0.00,0.00
687373,-0.35,0.00,0.00
687378,-0.35,0.00,0.00
687383,-0.35,0.00,0.00
687388,-0.35,0.00,0.00
687393,-0.34,0.00,0.00
687398,-0.34,0.00,0.00
687403,-0.34,0.00,0.00
687408,-0.33,0.00,0.00
687413,-0.33,1.53,0.00
687418,-0.32,0.00,0.00
687423,-0.31,1.53,0.00
687428,-0.31,1.53,0.00
687433,-0.30,1.53,12.00
687437,-0.29,1.53,12.00
687443,-0.28,1.53,12.00
687448,-0.28,0.00,12.00
687453,-0.27,0.00,12.00
687457,-0.27,0.00,12.00
687463,-0.27,0.00,12.00
687468,-0.27,0.00,12.00
687473,-0.28,0.00,12.00
687477,-0.28,0.00,12.00
687483,-0.29,-1.53,12.00
687488,-0.29,-1.53,12.00
687493,-0.30,-1.53,12.00
687497,-0.30,-1.53,0.00
687503,-0.31,0.00,0.00
687508,-0.31,0.00,0.00
687513,-0.31,0.00,0.00
687518,-0.31,0.00,0.00
687523,-0.31,0.00,0.00
687528,-0.32,-1.53,0.00
687533,-0.31,0.00,0.00
687538,-0.31,1.53,0.00
687543,-0.31,1.53,0.00
687548,-0.30,1.53,0.00
687553,-0.30,0.00,0.00
687558,-0.30,0.00,12.00
687562,-0.29,1.53,12.00
687568,-0.29,0.00,12.00
687573,-0.29,0.00,12.00
687578,-0.29,0.00,12.00
687582,-0.30,-1.53,12.00
687588,-0.30,0.00,0.00
687593,-0.31,-1.53,0.00
687598,-0.31,-1.53,0.00
687603,-0.32,-1.53,0.00
687607,-0.32,-1.53,0.00
687613,-0.33,-1.53,0.00
687618,-0.33,0.00,0.00
687623,-0.33,0.00,0.00
687628,-0.33,0.00,0.00
687633,-0.33,0.00,0.00
687638,-0.33,0.00,0.00
687643,-0.33,0.00,0.00
687648,-0.33,0.00,0.00
687653,-0.33,1.53,0.00
687658,-0.33,0.00,0.00
687663,-0.33,1.53,0.00
687668,-0.32,1.53,0.00
687673,-0.32,0.00,0.00
687678,-0.32,0.00,0.00
687683,-0.32,0.00,0.00
687688,-0.32,1.53,0.00
687693,-0.32,0.00,0.00
687698,-0.32,0.00,0.00
687703,-0.31,0.00,0.00
687708,-0.31,1.53,0.00
687713,-0.31,0.00,0.00
687718,-0.31,0.00,0.00
687723,-0.31,0.00,0.00
687727,-0.31,0.00,0.00
687733,-0.31,0.00,0.00
687738,-0.31,0.00,0.00
687743,-0.31,-1.53,0.00
687748,-0.31,0.00,0.00
687753,-0.31,0.00,0.00
687758,-0.31,0.00,0.00
687763,-0.31,0.00,0.00
687768,-0.31,0.00,0.00
687773,-0.32,0.00,0.00
687778,-0.32,0.00,0.00
687783,-0.32,0.00,0.00
687788,-0.32,0.00,0.00
687793,-0.32,0.00,0.00
687798,-0.32,0.00,0.00
687803,-0.32,0.00,0.00
687808,-0.32,0.00,0.00
687813,-0.33,-1.53,0.00
687818,-0.33,0.00,0.00
687823,-0.33,-1.53,0.00
687827,-0.33,0.00,0.00
687833,-0.34,0.00,0.00
687838,-0.34,-1.53,0.00
687843,-0.34,0.00,0.00
687848,-0.35,-1.53,0.00
687853,-0.35,-1.53,0.00
687858,-0.35,-1.53,0.00
687863,-0.36,-1.53,0.00
687868,-0.36,-1.53,0.00
687873,-0.37,0.00,0.00
687878,-0.37,-1.53,0.00
687883,-0.38,-1.53,0.00
687888,-0.39,-1.53,0.00
687893,-0.39,-1.53,0.00
687898,-0.40,-1.53,0.00
687903,-0.41,-1.53,0.00
687908,-0.41,-1.53,0.00
687913,-0.42,-1.53,0.00
687918,-0.43,-1.53,0.00
687923,-0.44,-1.53,0.00
687928,-0.44,-1.53,0.00
687932,-0.45,-1.53,0.00
687938,-0.46,-1.53,0.00
687943,-0.47,-1.53,0.00
687948,-0.48,-3.07,0.00
687953,-0.49,-1.53,0.00
687958,-0.50,-1.53,0.00
687963,-0.50,-1.53,0.00
687968,-0.51,-1.53,0.00
687973,-0.52,-3.07,0.00
687978,-0.53,-1.53,0.00
687983,-0.54,-1.53,0.00
687988,-0.55,-1.53,0.00
687993,-0.56,-1.53,0.00
687998,-0.57,-1.53,0.00
688003,-0.57,-1.53,0.00
688008,-0.58,-1.53,0.00
688013,-0.59,-3.07,0.00
688018,-0.60,-3.07,0.00
688023,-0.61,-1.53,0.00
688028,-0.61,-1.53,0.00
688033,-0.62,0.00,0.00
688038,-0.63,0.00,0.00
688043,-0.63,-1.53,0.00
688048,-0.64,-1.53,0.00
688053,-0.64,0.00,0.00
688058,-0.64,-1.53,0.00
688063,-0.65,-1.53,0.00
688068,-0.65,0.00,0.00
688073,-0.65,0.00,0.00
688078,-0.65,0.00,0.00
688083,-0.65,0.00,0.00
688088,-0.65,0.00,0.00
688093,-0.65,0.00,0.00
688098,-0.65,0.00,0.00
688103,-0.65,0.00,0.00
688108,-0.65,0.00,0.00
688113,-0.65,0.00,0.00
688118,-0.65,0.00,0.00
688123,-0.65,0.00,0.00
688128,-0.65,0.00,0.00
688133,-0.64,1.53,0.00
688138,-0.64,0.00,0.00
688143,-0.64,1.53,0.00
688148,-0.64,0.00,0.00
688153,-0.64,0.00,0.00
688158,-0.63,0.00,0.00
688163,-0.63,0.00,0.00
688168,-0.62,0.00,0.00
688173,-0.62,0.00,0.00
688178,-0.62,1.53,0.00
688183,-0.61,1.53,0.00
688188,-0.61,0.00,0.00
688193,-0.60,1.53,0.00
688198,-0.60,0.00,0.00
688203,-0.60,1.53,0.00
688208,-0.59,1.53,0.00
688213,-0.59,0.00,0.00
688218,-0.58,1.53,0.00
688223,-0.58,0.00,0.00
688228,-0.58,0.00,0.00
688233,-0.58,0.00,0.00
688238,-0.57,0.00,0.00
688243,-0.57,0.00,0.00
688248,-0.57,0.00,0.00
688253,-0.56,1.53,0.00
688258,-0.56,0.00,0.00
688263,-0.56,0.00,0.00
688268,-0.56,0.00,0.00
688273,-0.56,0.00,0.00
688278,-0.56,0.00,0.00
688283,-0.55,1.53,0.00
688288,-0.55,0.00,0.00
688293,-0.55,0.00,0.00
688298,-0.55,0.00,0.00
688303,-0.55,0.00,0.00
688308,-0.55,0.00,0.00
688313,-0.55,0.00,0.00
688318,-0.55,0.00,0.00
688323,-0.56,0.00,0.00
688328,-0.56,0.00,0.00
688333,-0.56,0.00,0.00
688338,-0.56,0.00,0.00
688343,-0.56,0.00,0.00
688348,-0.56,0.00,0.00
688353,-0.56,-1.53,0.00
688358,-0.56,0.00,0.00
688363,-0.56,0.00,0.00
688368,-0.56,0.00,0.00
688373,-0.56,0.00,0.00
688378,-0.56,0.00,0.00
688383,-0.56,0.00,0.00
688388,-0.56,0.00,0.00
688393,-0.56,0.00,0.00
688398,-0.56,0.00,0.00
688403,-0.56,0.00,0.00
688408,-0.56,0.00,0.00
688413,-0.56,0.00,0.00
688418,-0.56,0.00,0.00
688423,-0.56,1.53,0.00
688428,-0.56,0.00,0.00
688433,-0.55,0.00,0.00
688438,-0.55,1.53,0.00
688443,-0.55,1.53,0.00
688448,-0.55,0.00,0.00
688453,-0.54,1.53,0.00
688458,-0.54,0.00,0.00
688463,-0.54,0.00,0.00
688468,-0.54,0.00,0.00
688473,-0.53,0.00,0.00
688478,-0.53,1.53,0.00
688483,-0.53,1.53,0.00
688488,-0.52,1.53,0.00
688493,-0.52,1.53,0.00
688498,-0.51,0.00,0.00
688503,-0.51,1.53,0.00
688508,-0.50,1.53,0.00
688513,-0.50,0.00,0.00
688518,-0.49,1.53,0.00
688523,-0.49,1.53,0.00
688528,-0.48,1.53,0.00
688533,-0.47,1.53,0.00
688538,-0.47,1.53,0.00
688543,-0.46,1.53,0.00
688548,-0.45,1.53,0.00
688553,-0.45,1.53,0.00
688558,-0.44,1.53,0.00
688563,-0.43,0.00,0.00
688568,-0.42,3.07,0.00
688573,-0.42,1.53,0.00
688578,-0.41,1.53,0.00
688583,-0.40,1.53,0.00
688588,-0.39,1.53,0.00
688593,-0.39,1.53,0.00
688598,-0.38,1.53,0.00
688603,-0.37,1.53,0.00
688608,-0.36,1.53,0.00
688613,-0.35,1.53,0.00
688618,-0.35,0.00,0.00
688623,-0.34,1.53,0.00
688628,-0.33,1.53,0.00
688633,-0.32,0.00,0.00
688638,-0.31,1.53,0.00
688643,-0.31,1.53,0.00
688648,-0.30,0.00,12.00
688653,-0.29,0.00,12.00
688658,-0.29,1.53,12.00
688663,-0.29,0.00,12.00
688668,-0.29,0.00,12.00
688673,-0.29,0.00,12.00
688678,-0.29,0.00,12.00
688683,-0.29,-1.53,12.00
688688,-0.30,-1.53,0.00
688693,-0.31,-1.53,0.00
688698,-0.32,0.00,0.00
688703,-0.33,-1.53,0.00
688708,-0.33,-1.53,0.00
688713,-0.34,-1.53,0.00
688718,-0.34,-1.53,0.00
688723,-0.35,0.00,0.00
688728,-0.35,-1.53,0.00
688733,-0.36,0.00,0.00
688738,-0.36,0.00,0.00
688743,-0.37,-1.53,0.00
688748,-0.37,0.00,0.00
688753,-0.37,0.00,0.00
688758,-0.38,0.00,0.00
688763,-0.38,0.00,0.00
688768,-0.38,0.00,0.00
688773,-0.39,-1.53,0.00
688778,-0.39,0.00,0.00
688783,-0.39,-1.53,0.00
688788,-0.39,0.00,0.00
688793,-0.39,-1.53,0.00
688798,-0.40,0.00,0.00
688803,-0.40,0.00,0.00
688808,-0.40,0.00,0.00
688813,-0.40,0.00,0.00
688818,-0.40,0.00,0.00
688823,-0.40,0.00,0.00
688828,-0.41,0.00,0.00
688833,-0.41,0.00,0.00
688838,-0.41,0.00,0.00
688843,-0.41,0.00,0.00
688848,-0.42,-1.53,0.00
688853,-0.42,0.00,0.00
688858,-0.42,0.00,0.00
688863,-0.42,0.00,0.00
688868,-0.42,0.00,0.00
688873,-0.42,0.00,0.00
688878,-0.43,-1.53,0.00
688883,-0.43,0.00,0.00
688888,-0.43,-1.53,0.00
688893,-0.43,0.00,0.00
688898,-0.44,0.00,0.00
688903,-0.44,0.00,0.00
688908,-0.44,0.00,0.00
688913,-0.44,0.00,0.00
688918,-0.44,0.00,0.00
688923,-0.45,0.00,0.00
688928,-0.45,-1.53,0.00
688933,-0.45,0.00,0.00
688938,-0.45,0.00,0.00
688943,-0.45,0.00,0.00
688948,-0.46,-1.53,0.00
688953,-0.46,0.00,0.00
688958,-0.46,0.00,0.00
688963,-0.46,0.00,0.00
688968,-0.46,0.00,0.00
688973,-0.46,0.00,0.00
688978,-0.47,0.00,0.00
688983,-0.47,0.00,0.00
688988,-0.47,0.00,0.00
688993,-0.47,0.00,0.00
688998,-0.47,0.00,0.00
689003,-0.47,0.00,0.00
689008,-0.47,0.00,0.00
689013,-0.47,0.00,0.00
689018,-0.47,0.00,0.00
689023,-0.47,0.00,0.00
689028,-0.47,0.00,0.00
689033,-0.47,0.00,0.00
689038,-0.47,0.00,0.00
689043,-0.47,0.00,0.00
689048,-0.47,0.00,0.00
689053,-0.47,0.00,0.00
689058,-0.46,0.00,0.00
689063,-0.46,0.00,0.00
689068,-0.46,0.00,0.00
689073,-0.46,0.00,0.00
689078,-0.46,0.00,0.00
689083,-0.46,0.00,0.00
689088,-0.46,0.00,0.00
689093,-0.45,0.00,0.00
689098,-0.45,0.00,0.00
689103,-0.45,1.53,0.00
689108,-0.45,0.00,0.00
689113,-0.44,1.53,0.00
689118,-0.44,0.00,0.00
689123,-0.44,0.00,0.00
689128,-0.44,0.00,0.00
689133,-0.44,0.00,0.00
689138,-0.43,0.00,0.00
689143,-0.43,1.53,0.00
689148,-0.43,1.53,0.00
689153,-0.42,1.53,0.00
689158,-0.42,1.53,0.00
689163,-0.42,0.00,0.00
689168,-0.42,0.00,0.00
689173,-0.41,0.00,0.00
689178,-0.41,0.00,0.00
689183,-0.41,1.53,0.00
689188,-0.41,0.00,0.00
689193,-0.40,0.00,0.00
689198,-0.40,0.00,0.00
689203,-0.40,0.00,0.00
689208,-0.39,1.53,0.00
689213,-0.39,1.53,0.00
689218,-0.39,1.53,0.00
689223,-0.39,1.53,0.00
689228,-0.38,1.53,0.00
689233,-0.38,0.00,0.00
689238,-0.38,0.00,0.00
689243,-0.37,0.00,0.00
689248,-0.37,1.53,0.00
689253,-0.36,1.53,0.00
689258,-0.36,0.00,0.00
689263,-0.35,0.00,0.00
689268,-0.35,0.00,0.00
689273,-0.35,0.00,0.00
689278,-0.34,0.00,0.00
689283,-0.33,1.53,0.00
689288,-0.33,1.53,0.00
689293,-0.33,0.00,0.00
689298,-0.32,1.53,0.00
689303,-0.31,0.00,0.00
689308,-0.31,1.53,0.00
689313,-0.30,1.53,0.00
689318,-0.30,0.00,12.00
689323,-0.29,0.00,12.00
689328,-0.29,0.00,12.00
689333,-0.29,0.00,12.00
689338,-0.29,0.00,12.00
689343,-0.29,0.00,12.00
689348,-0.30,0.00,12.00
689353,-0.31,-1.53,0.00
689358,-0.31,-1.53,0.00
689363,-0.31,0.00,0.00
689368,-0.32,0.00,0.00
689373,-0.32,-1.53,0.00
689378,-0.33,-1.53,0.00
689383,-0.33,0.00,0.00
689388,-0.33,0.00,0.00
689393,-0.33,0.00,0.00
689398,-0.33,0.00,0.00
689403,-0.33,0.00,0.00
689408,-0.33,0.00,0.00
689413,-0.33,0.00,0.00
689418,-0.33,0.00,0.00
689423,-0.33,0.00,0.00
689428,-0.33,0.00,0.00
689433,-0.32,0.00,0.00
689438,-0.32,0.00,0.00
689443,-0.32,0.00,0.00
689448,-0.32,0.00,0.00
689453,-0.31,1.53,0.00
689458,-0.31,0.00,0.00
689463,-0.31,1.53,0.00
689468,-0.30,1.53,0.00
689473,-0.30,0.00,0.00
689478,-0.30,0.00,12.00
689483,-0.30,0.00,12.00
689488,-0.30,-1.53,12.00
689493,-0.30,0.00,12.00
689498,-0.30,-1.53,0.00
689503,-0.31,-1.53,0.00
689508,-0.31,0.00,0.00
689513,-0.31,0.00,0.00
689518,-0.31,0.00,0.00
689523,-0.31,-1.53,0.00
689528,-0.32,0.00,0.00
689533,-0.32,0.00,0.00
689538,-0.32,0.00,0.00
689543,-0.31,0.00,0.00
689548,-0.31,0.00,0.00
689553,-0.31,0.00,0.00
689558,-0.31,0.00,0.00
689563,-0.31,1.53,0.00
689568,-0.31,0.00,0.00
689573,-0.31,0.00,0.00
689578,-0.30,1.53,0.00
689583,-0.30,1.53,0.00
689588,-0.30,0.00,12.00
689593,-0.30,0.00,12.00
689598,-0.30,0.00,12.00
689603,-0.30,-1.53,0.00
689608,-0.31,-1.53,0.00
689613,-0.31,0.00,0.00
689618,-0.31,0.00,0.00
689623,-0.31,1.53,0.00
689628,-0.31,0.00,0.00
689633,-0.31,0.00,0.00
689638,-0.31,0.00,0.00
689643,-0.31,0.00,0.00
689648,-0.31,0.00,0.00
689653,-0.31,0.00,0.00
689658,-0.30,0.00,0.00
689663,-0.30,0.00,0.00
689668,-0.30,0.00,0.00
689673,-0.30,0.00,12.00
689678,-0.30,0.00,12.00
689683,-0.30,0.00,0.00
689688,-0.30,0.00,0.00
689693,-0.30,0.00,0.00
689698,-0.30,0.00,0.00
689703,-0.30,0.00,0.00
689708,-0.30,0.00,0.00
689713,-0.31,-1.53,0.00
689718,-0.31,0.00,0.00
689723,-0.30,0.00,0.00
689728,-0.30,0.00,0.00
689733,-0.30,1.53,12.00
689738,-0.30,0.00,12.00
689743,-0.30,0.00,12.00
689748,-0.30,-1.53,0.00
689753,-0.31,0.00,0.00
689758,-0.31,0.00,0.00
689763,-0.31,0.00,0.00
689768,-0.31,0.00,0.00
689773,-0.31,0.00,0.00
689778,-0.31,-1.53,0.00
689783,-0.31,0.00,0.00
689788,-0.31,0.00,0.00
689793,-0.31,1.53,0.00
689798,-0.30,0.00,0.00
689803,-0.30,0.00,0.00
689808,-0.30,0.00,12.00
689813,-0.30,0.00,12.00
689818,-0.30,0.00,0.00
689823,-0.30,0.00,0.00
689828,-0.31,0.00,0.00
689833,-0.31,0.00,0.00
689838,-0.31,0.00,0.00
689843,-0.31,0.00,0.00
689848,-0.31,0.00,0.00
689853,-0.31,-1.53,0.00
689858,-0.31,1.53,0.00
689863,-0.30,1.53,0.00
689868,-0.30,1.53,0.00
689873,-0.30,0.00,12.00
689878,-0.30,0.00,12.00
689883,-0.30,0.00,12.00
689888,-0.30,0.00,0.00
689893,-0.31,-1.53,0.00
689898,-0.31,0.00,0.00
689903,-0.31,1.53,0.00
689908,-0.31,0.00,0.00
689913,-0.31,0.00,0.00
689918,-0.31,0.00,0.00
689923,-0.31,0.00,0.00
689928,-0.31,0.00,0.00
689933,-0.30,1.53,0.00
689938,-0.30,0.00,0.00
689943,-0.30,0.00,12.00
689948,-0.30,0.00,12.00
689953,-0.30,0.00,12.00
689958,-0.30,0.00,0.00
689963,-0.31,-1.53,0.00
689968,-0.31,0.00,0.00
689973,-0.31,0.00,0.00
689978,-0.31,0.00,0.00
689983,-0.31,0.00,0.00
689988,-0.31,0.00,0.00
689993,-0.31,0.00,0.00
689998,-0.31,1.53,0.00
690003,-0.31,0.00,0.00
690008,-0.30,0.00,0.00
690013,-0.30,1.53,12.00
690018,-0.30,0.00,12.00
690023,-0.30,-1.53,12.00
690028,-0.30,-1.53,0.00
690033,-0.30,-1.53,0.00
690038,-0.31,0.00,0.00
690043,-0.30,0.00,0.00
690048,-0.30,0.00,0.00
690053,-0.30,0.00,0.00
690058,-0.30,0.00,0.00
690063,-0.30,0.00,0.00
690068,-0.30,0.00,12.00
690073,-0.30,0.00,12.00
690078,-0.29,0.00,12.00
690083,-0.29,0.00,12.00
690088,-0.30,-1.53,12.00
690093,-0.30,0.00,0.00
690098,-0.31,0.00,0.00
690103,-0.31,-1.53,0.00
690108,-0.31,-1.53,0.00
690113,-0.31,0.00,0.00
690118,-0.31,0.00,0.00
690123,-0.31,0.00,0.00
690128,-0.31,0.00,0.00
690133,-0.31,0.00,0.00
690138,-0.31,0.00,0.00
690143,-0.30,1.53,0.00
690148,-0.30,1.53,12.00
690153,-0.29,0.00,12.00
690158,-0.29,0.00,12.00
690163,-0.29,-1.53,12.00
690168,-0.30,0.00,12.00
690173,-0.30,0.00,12.00
690178,-0.30,0.00,0.00
690183,-0.30,0.00,0.00
690188,-0.31,0.00,0.00
690193,-0.31,0.00,0.00
690198,-0.31,0.00,0.00
690203,-0.31,0.00,0.00
690208,-0.30,0.00,0.00
690213,-0.30,1.53,12.00
690218,-0.29,0.00,12.00
690223,-0.29,0.00,12.00
690228,-0.29,0.00,12.00
690233,-0.29,0.00,12.00
690238,-0.29,0.00,12.00
690243,-0.30,0.00,12.00
690248,-0.30,0.00,12.00
690253,-0.30,-1.53,0.00
690258,-0.31,0.00,0.00
690263,-0.31,0.00,0.00
690268,-0.31,0.00,0.00
690273,-0.31,0.00,0.00
690278,-0.31,0.00,0.00
690283,-0.31,0.00,0.00
690288,-0.31,1.53,0.00
690293,-0.31,0.00,0.00
690298,-0.30,0.00,0.00
690303,-0.29,1.53,12.00
690308,-0.29,0.00,12.00
690313,-0.29,0.00,12.00
690318,-0.29,0.00,12.00
690323,-0.29,0.00,12.00
690328,-0.29,0.00,12.00
690333,-0.29,0.00,12.00
690338,-0.29,0.00,12.00
690343,-0.29,-1.53,12.00
690348,-0.30,-1.53,12.00
690353,-0.30,-1.53,0.00
690358,-0.31,-1.53,0.00
690363,-0.31,0.00,0.00
690368,-0.31,0.00,0.00
690373,-0.30,0.00,0.00
690378,-0.30,0.00,0.00
690383,-0.30,0.00,12.00
690388,-0.29,1.53,12.00
690393,-0.29,0.00,12.00
690398,-0.29,0.00,12.00
690403,-0.29,0.00,12.00
690408,-0.29,0.00,12.00
690413,-0.29,0.00,12.00
690418,-0.29,0.00,12.00
690423,-0.29,0.00,12.00
690428,-0.29,-1.53,12.00
690433,-0.29,0.00,12.00
690438,-0.30,0.00,12.00
690443,-0.30,-1.53,0.00
690448,-0.31,-1.53,0.00
690453,-0.31,0.00,0.00
690458,-0.31,0.00,0.00
690463,-0.30,1.53,0.00
690468,-0.30,0.00,0.00
690473,-0.30,0.00,12.00
690478,-0.29,0.00,12.00
690483,-0.29,1.53,12.00
690488,-0.29,0.00,12.00
690493,-0.28,0.00,12.00
690498,-0.28,1.53,12.00
690503,-0.28,1.53,12.00
690508,-0.28,1.53,12.00
690513,-0.28,0.00,12.00
690518,-0.28,0.00,12.00
690523,-0.28,-1.53,12.00
690528,-0.28,0.00,12.00
690533,-0.28,-1.53,12.00
690538,-0.29,0.00,12.00
690543,-0.29,0.00,12.00
690548,-0.29,0.00,12.00
690553,-0.29,-1.53,12.00
690558,-0.30,0.00,12.00
690563,-0.30,0.00,12.00
690568,-0.30,0.00,12.00
690573,-0.30,0.00,0.00
690578,-0.30,1.53,12.00
690583,-0.30,0.00,12.00
690588,-0.30,1.53,12.00
690593,-0.30,0.00,12.00
690598,-0.30,0.00,12.00
690603,-0.30,0.00,12.00
690608,-0.29,0.00,12.00
690613,-0.29,1.53,12.00
690618,-0.29,0.00,12.00
690623,-0.29,0.00,12.00
690628,-0.28,0.00,12.00
690633,-0.28,0.00,12.00
690638,-0.28,1.53,12.00
690643,-0.27,1.53,12.00
690648,-0.27,1.53,12.00
690653,-0.27,1.53,12.00
690658,-0.27,1.53,12.00
690663,-0.26,1.53,12.00
690668,-0.26,0.00,12.00
690673,-0.25,1.53,12.00
690678,-0.25,1.53,12.00
690683,-0.24,1.53,12.00
690688,-0.23,1.53,12.00
690693,-0.23,1.53,12.00
690698,-0.22,0.00,12.00
690703,-0.22,1.53,12.00
690708,-0.21,1.53,12.00
690713,-0.20,1.53,12.00
690718,-0.20,1.53,12.00
690723,-0.19,1.53,12.00
690728,-0.18,1.53,12.00
690733,-0.17,3.07,12.00
690738,-0.16,1.53,12.00
690743,-0.15,3.07,12.00
690748,-0.14,1.53,12.00
690753,-0.13,1.53,12.00
690758,-0.12,3.07,12.00
690763,-0.11,1.53,12.00
690768,-0.10,3.07,12.00
690773,-0.08,1.53,12.00
690778,-0.07,3.07,12.00
690783,-0.06,3.07,12.00
690788,-0.05,1.53,12.00
690793,-0.03,3.07,12.00
690798,-0.02,3.07,12.00
690803,-0.01,3.07,12.00
690808,0.00,3.07,12.00
690813,0.02,3.07,12.00
690818,0.03,3.07,12.00
690823,0.05,3.07,12.00
690828,0.06,3.07,12.00
690833,0.08,3.07,12.00
690838,0.09,3.07,12.00
690843,0.10,3.07,12.00
690848,0.11,1.53,12.00
690853,0.13,3.07,12.00
690858,0.14,3.07,12.00
690863,0.15,3.07,12.00
690868,0.17,3.07,12.00
690873,0.18,3.07,12.00
690878,0.20,3.07,12.00
690883,0.21,3.07,12.00
690888,0.22,3.07,12.00
690893,0.23,3.07,12.00
690898,0.25,3.07,12.00
690903,0.26,3.07,12.00
690908,0.27,3.07,12.00
690913,0.28,1.53,12.00
690918,0.30,3.07,12.00
690923,0.31,1.53,0.00
690928,0.31,1.53,0.00
690933,0.33,1.53,0.00
690938,0.34,4.60,0.00
690943,0.36,4.60,0.00
690948,0.38,3.07,0.00
690953,0.40,4.60,0.00
690958,0.42,4.60,0.00
690963,0.44,4.60,0.00
690968,0.47,4.60,0.00
690973,0.49,4.60,0.00
690978,0.52,4.60,0.00
690983,0.54,4.60,0.00
690988,0.57,4.60,0.00
690993,0.60,6.14,0.00
690998,0.63,4.60,0.00
691003,0.66,6.14,0.00
691008,0.69,6.14,0.00
691013,0.72,6.14,0.00
691018,0.75,6.14,0.00
691023,0.78,4.60,0.00
691028,0.81,6.14,0.00
691033,0.84,4.60,0.00
691038,0.86,6.14,0.00
691043,0.89,6.14,0.00
691048,0.91,4.60,0.00
691053,0.93,3.07,0.00
691058,0.95,-388.10,0.00
691063,0.97,4.60,0.00
691068,0.99,3.07,0.00
691073,1.01,3.07,0.00
691078,1.02,3.07,0.00
691083,1.04,3.07,0.00
691088,1.05,3.07,0.00
691093,1.06,1.53,0.00
691098,1.07,1.53,0.00
691103,1.07,1.53,0.00
691108,1.08,1.53,0.00
691113,1.08,0.00,0.00
691118,1.08,0.00,0.00
691123,1.08,0.00,0.00
691128,1.08,0.00,0.00
691133,1.07,-1.53,0.00
691138,1.07,-1.53,0.00
691143,1.06,-1.53,0.00
691148,1.05,-1.53,0.00
691153,1.04,-1.53,0.00
691158,1.03,-3.07,0.00
691163,1.02,-3.07,0.00
691168,1.00,-3.07,0.00
691173,0.99,-3.07,0.00
691178,0.97,-3.07,0.00
691183,0.96,-3.07,0.00
691188,0.94,-3.07,0.00
691193,0.92,-4.60,0.00
691198,0.90,-3.07,0.00
691203,0.89,-4.60,0.00
691208,0.87,-3.07,0.00
691213,0.85,-3.07,0.00
691218,0.83,-4.60,0.00
691223,0.82,-3.07,0.00
691228,0.80,-4.60,0.00
691233,0.78,-3.07,0.00
691238,0.76,-3.07,0.00
691243,0.75,-3.07,0.00
691248,0.73,-4.60,0.00
691253,0.71,-3.07,0.00
691258,0.70,-3.07,0.00
691263,0.68,-3.07,0.00
691268,0.67,-3.07,0.00
691273,0.65,-3.07,0.00
691278,0.64,-3.07,0.00
691283,0.62,-3.07,0.00
691288,0.61,-3.07,0.00
691293,0.59,-3.07,0.00
691298,0.58,-3.07,0.00
691303,0.57,-1.53,0.00
691308,0.16,-395.77,-12.00
691313,0.55,-1.53,0.00
691318,0.54,-1.53,0.00
691323,0.53,-3.07,0.00
691328,0.52,-1.53,0.00
691333,0.51,-1.53,0.00
691338,0.50,-1.53,0.00
691343,0.50,-1.53,0.00
691348,0.49,-1.53,0.00
691353,0.49,0.00,0.00
691358,0.49,0.00,0.00
691363,0.48,0.00,0.00
691368,0.48,0.00,0.00
691373,0.48,-1.53,0.00
691378,0.48,-1.53,0.00
691383,0.48,0.00,0.00
691388,0.47,0.00,0.00
691393,0.47,0.00,0.00
691398,0.47,0.00,0.00
691403,0.47,0.00,0.00
691408,0.47,-1.53,0.00
691413,0.47,0.00,0.00
691418,0.46,0.00,0.00
691423,0.46,0.00,0.00
691428,0.46,-1.53,0.00
691433,0.46,-1.53,0.00
691438,0.46,0.00,0.00
691443,0.46,0.00,0.00
691448,0.45,0.00,0.00
691453,0.45,0.00,0.00
691458,0.45,0.00,0.00
691463,0.45,-1.53,0.00
691468,0.44,0.00,0.00
691473,0.44,-1.53,0.00
691478,0.44,-1.53,0.00
691483,0.44,-1.53,0.00
691488,0.43,-1.53,0.00
691493,0.43,-1.53,0.00
691498,0.42,-1.53,0.00
691503,0.42,0.00,0.00
691508,0.42,-1.53,0.00
691513,0.42,0.00,0.00
691518,0.41,0.00,0.00
691523,0.41,-1.53,0.00
691528,0.40,-1.53,0.00
691533,0.40,0.00,0.00
691538,0.39,-1.53,0.00
691543,0.39,-1.53,0.00
691548,0.38,-1.53,0.00
691553,0.38,0.00,0.00
691558,0.37,-1.53,0.00
691563,0.37,-1.53,0.00
691568,0.36,-1.53,0.00
691573,0.36,0.00,0.00
691578,0.35,-1.53,0.00
691583,0.34,-1.53,0.00
691588,0.34,-1.53,0.00
691593,0.33,-1.53,0.00
691598,0.32,-1.53,0.00
691603,0.31,-1.53,0.00
691608,0.31,-1.53,0.00
691613,0.30,-1.53,0.00
691618,0.29,-1.53,12.00
691623,0.28,-3.07,12.00
691628,0.27,-3.07,12.00
691633,0.26,-3.07,12.00
691638,0.24,-4.60,12.00
691643,0.22,-3.07,12.00
691648,0.20,-4.60,12.00
691653,0.18,-3.07,12.00
691658,0.16,388.10,12.00
691663,0.14,-3.07,12.00
691668,0.12,-4.60,12.00
691673,0.09,-6.14,12.00
691678,0.06,-4.60,12.00
691683,0.04,-6.14,12.00
691688,0.01,-4.60,12.00
691693,-0.02,-6.14,12.00
691698,-0.05,-7.67,12.00
691703,-0.08,-6.14,12.00
691708,-0.11,-6.14,12.00
691713,-0.15,-7.67,12.00
691718,-0.18,-6.14,12.00
691723,-0.21,-7.67,12.00
691728,-0.25,-6.14,12.00
691733,-0.28,-6.14,12.00
691738,-0.32,-7.67,0.00
691743,-0.35,-7.67,0.00
691748,-0.38,-6.14,0.00
691753,-0.41,-6.14,0.00
691758,-0.44,-6.14,0.00
691763,-0.47,-6.14,0.00
691768,-0.50,-6.14,0.00
691773,-0.52,-4.60,0.00
691778,-0.55,-4.60,0.00
691783,-0.57,-4.60,0.00
691788,-0.59,-4.60,0.00
691793,-0.61,-4.60,0.00
691798,-0.63,-3.07,0.00
691803,-0.64,-3.07,0.00
691808,-0.66,-3.07,0.00
691813,-0.67,-3.07,0.00
691818,-0.68,-1.53,0.00
691823,-0.69,-1.53,0.00
691828,-0.70,-1.53,0.00
691833,-0.71,-1.53,0.00
691838,-0.72,0.00,0.00
691843,-0.72,-1.53,0.00
691848,-0.73,0.00,0.00
691853,-0.73,0.00,0.00
691858,-0.73,0.00,0.00
691863,-0.73,0.00,0.00
691868,-0.73,0.00,0.00
691873,-0.73,0.00,0.00
691878,-0.73,0.00,0.00
691883,-0.72,1.53,0.00
691888,-0.72,1.53,0.00
691893,-0.71,1.53,0.00
691898,-0.71,0.00,0.00
691903,-0.70,0.00,0.00
691908,-0.70,0.00,0.00
691913,-0.69,1.53,0.00
691918,-0.68,0.00,0.00
691923,-0.68,1.53,0.00
691928,-0.67,1.53,0.00
691933,-0.66,1.53,0.00
691938,-0.65,3.07,0.00
691943,-0.64,1.53,0.00
691948,-0.63,1.53,0.00
691953,-0.62,1.53,0.00
691958,-0.62,1.53,0.00
691963,-0.61,1.53,0.00
691968,-0.60,3.07,0.00
691973,-0.59,1.53,0.00
691978,-0.58,1.53,0.00
691983,-0.57,1.53,0.00
691988,-0.56,1.53,0.00
691993,-0.55,3.07,0.00
691998,-0.55,0.00,0.00
692003,-0.54,1.53,0.00
692008,-0.53,1.53,0.00
692013,-0.52,1.53,0.00
692018,-0.52,1.53,0.00
692023,-0.51,1.53,0.00
692028,-0.50,1.53,0.00
692033,-0.50,1.53,0.00
692038,-0.49,1.53,0.00
692043,-0.49,0.00,0.00
692048,-0.48,0.00,0.00
692053,-0.48,1.53,0.00
692058,-0.47,0.00,0.00
692063,-0.47,1.53,0.00
692068,-0.46,1.53,0.00
692073,-0.46,0.00,0.00
692078,-0.45,1.53,0.00
692083,-0.45,0.00,0.00
692088,-0.44,1.53,0.00
692093,-0.44,0.00,0.00
692098,-0.43,1.53,0.00
692103,-0.42,1.53,0.00
692108,-0.42,1.53,0.00
692113,-0.41,1.53,0.00
692118,-0.40,1.53,0.00
692123,-0.40,1.53,0.00
692128,-0.39,3.07,0.00
692133,-0.38,1.53,0.00
692138,-0.38,1.53,0.00
692143,-0.37,1.53,0.00
692148,-0.36,1.53,0.00
692153,-0.35,3.07,0.00
692158,-0.34,1.53,0.00
692163,-0.33,1.53,0.00
692168,-0.32,1.53,0.00
692173,-0.31,3.07,0.00
692178,-0.29,3.07,12.00
692183,-0.28,1.53,12.00
692188,-0.27,1.53,12.00
692193,-0.26,3.07,12.00
692198,-0.26,1.53,12.00
692203,-0.25,1.53,12.00
692208,-0.25,1.53,12.00
692213,-0.24,1.53,12.00
692218,-0.24,1.53,12.00
692223,-0.24,0.00,12.00
692228,-0.24,0.00,12.00
692233,-0.24,0.00,12.00
692238,-0.24,0.00,12.00
692243,-0.24,0.00,12.00
692248,-0.24,-1.53,12.00
692253,-0.24,-1.53,12.00
692258,-0.24,0.00,12.00
692263,-0.25,-1.53,12.00
692268,-0.25,-1.53,12.00
692273,-0.25,-1.53,12.00
692278,-0.25,-1.53,12.00
692283,-0.26,-1.53,12.00
692288,-0.26,0.00,12.00
692293,-0.26,0.00,12.00
692298,-0.27,-1.53,12.00
692303,-0.27,-1.53,12.00
692308,-0.27,0.00,12.00
692313,-0.28,-1.53,12.00
692318,-0.28,0.00,12.00
692323,-0.28,0.00,12.00
692328,-0.28,0.00,12.00
692333,-0.28,0.00,12.00
692338,-0.28,0.00,12.00
692343,-0.28,0.00,12.00
692348,-0.28,0.00,12.00
692353,-0.28,0.00,12.00
692358,-0.28,0.00,12.00
692363,-0.28,0.00,12.00
692368,-0.28,0.00,12.00
692373,-0.28,0.00,12.00
692378,-0.28,0.00,12.00
692383,-0.28,0.00,12.00
692388,-0.27,1.53,12.00
692393,-0.27,1.53,12.00
692398,-0.27,1.53,12.00
692403,-0.26,1.53,12.00
692408,-0.26,0.00,12.00
692413,-0.25,1.53,12.00
692418,-0.25,0.00,12.00
692423,-0.24,0.00,12.00
692428,-0.23,1.53,12.00
692433,-0.23,1.53,12.00
692438,-0.22,1.53,12.00
692443,-0.20,3.07,12.00
692448,-0.19,1.53,12.00
692453,-0.18,3.07,12.00
692458,-0.17,3.07,12.00
692463,-0.16,1.53,12.00
692468,-0.15,1.53,12.00
692473,-0.13,3.07,12.00
692478,-0.12,3.07,12.00
692483,-0.11,3.07,12.00
692488,-0.09,4.60,12.00
692493,-0.07,3.07,12.00
692498,-0.06,4.60,12.00
692503,-0.04,3.07,12.00
692508,-0.02,4.60,12.00
692513,-0.01,3.07,12.00
692518,0.01,4.60,12.00
692523,0.03,3.07,12.00
692528,0.05,3.07,12.00
692533,0.07,4.60,12.00
692538,0.09,3.07,12.00
692543,0.11,3.07,12.00
692548,0.13,4.60,12.00
692553,0.15,4.60,12.00
692558,0.17,3.07,12.00
692563,0.20,4.60,12.00
692568,0.22,4.60,12.00
692573,0.24,4.60,12.00
692578,0.27,4.60,12.00
692583,0.29,4.60,12.00
692588,0.32,4.60,0.00
692593,0.35,4.60,0.00
692598,0.37,4.60,0.00
692603,0.41,6.14,0.00
692608,0.44,7.67,0.00
692613,0.47,6.14,0.00
692618,0.51,7.67,0.00
692623,0.54,7.67,0.00
692628,0.58,7.67,0.00
692633,0.62,7.67,0.00
692638,0.66,7.67,0.00
692643,0.70,7.67,0.00
692648,0.74,7.67,0.00
692653,0.79,7.67,0.00
692658,0.82,7.67,0.00
692663,0.86,7.67,0.00
692668,0.90,7.67,0.00
692673,0.94,7.67,0.00
692678,0.97,6.14,0.00
692683,1.01,7.67,0.00
692688,1.04,7.67,0.00
692693,1.08,7.67,0.00
692698,1.11,6.14,0.00
692703,1.15,6.14,0.00
692708,1.18,6.14,0.00
692713,1.22,7.67,0.00
692718,1.25,6.14,0.00
692723,1.29,6.14,0.00
692728,1.32,6.14,0.00
692733,1.35,6.14,0.00
692738,1.39,6.14,0.00
692743,1.41,6.14,0.00
692748,1.45,6.14,0.00
692753,1.47,6.14,0.00
692758,1.50,6.14,0.00
692763,1.53,4.60,0.00
692768,1.56,4.60,0.00
692773,1.58,4.60,0.00
692778,1.61,4.60,0.00
692783,1.64,6.14,0.00
692788,1.66,6.14,0.00
692793,1.69,6.14,0.00
692798,1.72,6.14,0.00
692803,1.75,6.14,0.00
692808,1.78,6.14,0.00
692813,1.82,6.14,0.00
692818,1.85,6.14,0.00
692823,1.88,6.14,0.00
692828,1.91,6.14,0.00
692833,1.94,6.14,0.00
692838,1.96,4.60,0.00
692843,1.98,4.60,0.00
692848,2.00,3.07,0.00
692853,2.02,4.60,0.00
692858,2.04,3.07,0.00
692863,2.06,1.53,0.00
692868,2.07,3.07,0.00
692873,2.09,3.07,0.00
692878,2.10,1.53,0.00
692883,2.12,3.07,0.00
692888,2.13,-391.17,0.00
692893,2.14,3.07,0.00
692898,2.16,3.07,0.00
692903,2.17,3.07,0.00
692908,2.18,3.07,0.00
692913,2.20,3.07,0.00
692918,2.21,1.53,0.00
692923,2.23,3.07,0.00
692928,2.24,3.07,0.00
692933,2.26,4.60,0.00
692938,2.28,3.07,0.00
692943,2.29,3.07,0.00
692948,2.31,3.07,0.00
692953,2.33,3.07,0.00
692958,2.35,3.07,0.00
692963,2.36,3.07,0.00
692968,2.38,3.07,0.00
692973,2.40,3.07,0.00
692978,2.42,4.60,0.00
692983,2.44,4.60,0.00
692988,2.46,3.07,0.00
692993,2.49,4.60,0.00
692998,2.51,4.60,0.00
693003,2.53,4.60,0.00
693008,2.55,4.60,0.00
693013,2.57,4.60,0.00
693018,2.60,4.60,0.00
693023,2.62,4.60,0.00
693028,2.64,4.60,0.00
693033,2.66,4.60,0.00
693038,2.69,4.60,0.00
693043,2.71,4.60,0.00
693048,2.73,4.60,0.00
693053,2.76,4.60,0.00
693058,2.78,4.60,0.00
693063,2.80,4.60,0.00
693068,2.82,4.60,0.00
693073,2.84,4.60,0.00
693078,2.87,4.60,0.00
693083,2.89,4.60,0.00
693088,2.91,4.60,0.00
693093,2.93,4.60,0.00
693098,2.95,4.60,0.00
693103,2.97,3.07,0.00
693108,3.00,4.60,0.00
693113,3.02,3.07,0.00
693118,3.04,3.07,0.00
693123,3.06,4.60,0.00
693128,3.07,3.07,0.00
693133,3.09,3.07,0.00
693138,3.11,3.07,0.00
693143,3.13,3.07,0.00
693148,-3.14,-6280.12,0.00
693153,-3.13,3.07,0.00
693158,-3.11,3.07,0.00
693163,-3.10,3.07,0.00
693168,-3.09,1.53,0.00
693173,-3.07,3.07,0.00
693178,-3.06,1.53,0.00
693183,-3.06,1.53,0.00
693188,-3.05,1.53,0.00
693193,-3.04,1.53,0.00
693198,-3.03,1.53,0.00
693203,-3.03,0.00,0.00
693208,-3.02,0.00,0.00
693213,-3.02,0.00,0.00
693218,-3.02,0.00,0.00
693223,-3.02,0.00,0.00
693228,-3.01,1.53,0.00
693233,-3.01,0.00,0.00
693238,-3.02,0.00,0.00
693243,-3.02,0.00,0.00
693248,-3.02,0.00,0.00
693253,-3.02,-1.53,0.00
693258,-3.03,-1.53,0.00
693263,-3.03,0.00,0.00
693268,-3.03,-1.53,0.00
693273,-3.04,0.00,0.00
693278,-3.04,-1.53,0.00
693283,-3.04,0.00,0.00
693288,-3.05,-1.53,0.00
693293,-3.06,-1.53,0.00
693298,-3.06,-1.53,0.00
693303,-3.07,-1.53,0.00
693308,-3.07,-1.53,0.00
693313,-3.08,0.00,0.00
693318,-3.08,-1.53,0.00
693323,-3.09,0.00,0.00
693328,-3.10,0.00,0.00
693333,-3.10,-1.53,0.00
693338,-3.11,0.00,0.00
693343,-3.11,-1.53,0.00
693348,-3.12,-1.53,0.00
693353,-3.13,-1.53,0.00
693358,-3.13,0.00,0.00
693363,-3.14,0.00,0.00
693368,3.14,6281.65,0.00
693373,3.14,0.00,0.00
693378,3.13,0.00,0.00
693383,3.12,0.00,0.00
693388,3.12,0.00,0.00
693393,3.11,-1.53,0.00
693398,3.11,0.00,0.00
693403,3.10,0.00,0.00
693408,3.10,0.00,0.00
693413,3.10,-1.53,0.00
693418,3.09,-1.53,0.00
693423,3.09,-1.53,0.00
693428,3.08,0.00,0.00
693433,3.08,0.00,0.00
693438,3.08,0.00,0.00
693443,3.08,0.00,0.00
693448,3.07,0.00,0.00
693453,3.07,0.00,0.00
693458,3.07,-1.53,0.00
693463,3.07,0.00,0.00
693468,3.06,0.00,0.00
693473,3.06,0.00,0.00
693478,3.06,-1.53,0.00
693483,3.06,0.00,0.00
693488,3.06,0.00,0.00
693493,3.06,0.00,0.00
693498,3.06,0.00,0.00
693503,3.06,0.00,0.00
693508,3.06,0.00,0.00
693513,3.06,0.00,0.00
693518,3.06,0.00,0.00
693523,3.06,0.00,0.00
693528,3.06,0.00,0.00
693533,3.06,0.00,0.00
693538,3.06,0.00,0.00
693543,3.06,0.00,0.00
693548,3.06,0.00,0.00
693553,3.07,0.00,0.00
693558,3.07,1.53,0.00
693563,3.07,0.00,0.00
693568,3.07,1.53,0.00
693573,3.07,1.53,0.00
693578,3.07,1.53,0.00
693583,3.07,0.00,0.00
693588,3.08,0.00,0.00
693593,3.08,1.53,0.00
693598,3.08,0.00,0.00
693603,3.08,1.53,0.00
693608,3.08,1.53,0.00
693613,3.08,0.00,0.00
693618,3.09,0.00,0.00
693623,3.09,1.53,0.00
693628,3.09,0.00,0.00
693633,3.09,1.53,0.00
693638,3.09,0.00,0.00
693643,3.10,0.00,0.00
693648,3.10,0.00,0.00
693653,3.10,0.00,0.00
693658,3.10,1.53,0.00
693663,3.10,0.00,0.00
693668,3.10,0.00,0.00
693673,3.11,0.00,0.00
693678,3.11,0.00,0.00
693683,3.11,0.00,0.00
693688,3.11,0.00,0.00
693693,3.11,0.00,0.00
693698,3.11,0.00,0.00
693703,3.12,0.00,0.00
693708,3.12,0.00,0.00
693713,3.12,0.00,0.00
693718,3.12,1.53,0.00
693723,3.12,0.00,0.00
693728,3.12,0.00,0.00
693733,3.12,0.00,0.00
693738,3.12,0.00,0.00
693743,3.12,1.53,0.00
693748,3.12,0.00,0.00
693753,3.12,0.00,0.00
693758,3.13,0.00,0.00
693763,3.13,0.00,0.00
693768,3.13,0.00,0.00
693773,3.13,0.00,0.00
693778,3.13,1.53,0.00
693783,3.13,0.00,0.00
693788,3.13,0.00,0.00
693793,3.13,0.00,0.00
693798,3.13,0.00,0.00
693803,3.13,0.00,0.00
693808,3.13,0.00,0.00
693813,3.13,0.00,0.00
693818,3.13,0.00,0.00
693823,3.13,0.00,0.00
693828,3.13,0.00,0.00
693833,3.13,0.00,0.00
693838,3.13,0.00,0.00
693843,3.13,-1.53,0.00
693848,3.13,1.53,0.00
693853,3.13,-1.53,0.00
693858,3.13,0.00,0.00
693863,3.13,0.00,0.00
693868,3.13,0.00,0.00
693873,3.13,0.00,0.00
693878,3.13,0.00,0.00
693883,3.13,0.00,0.00
693888,3.13,0.00,0.00
693893,3.13,0.00,0.00
693898,3.13,0.00,0.00
693903,3.13,0.00,0.00
693908,3.13,0.00,0.00
693913,3.13,0.00,0.00
693918,3.13,-1.53,0.00
693923,3.13,-1.53,0.00
693928,3.13,1.53,0.00
693933,3.13,-1.53,0.00
693938,3.13,0.00,0.00
693943,3.13,0.00,0.00
693948,3.13,1.53,0.00
693953,3.13,0.00,0.00
693958,3.13,1.53,0.00
693963,3.13,0.00,0.00
693968,3.13,1.53,0.00
693973,3.13,0.00,0.00
693978,3.13,0.00,0.00
693983,3.13,0.00,0.00
693988,3.13,0.00,0.00
693993,3.13,0.00,0.00
693998,3.13,-1.53,0.00
694003,3.13,0.00,0.00
694008,3.13,-1.53,0.00
694013,3.13,0.00,0.00
694018,3.13,1.53,0.00
694023,3.13,0.00,0.00
694028,3.13,0.00,0.00
694033,3.13,0.00,0.00
694038,3.13,0.00,0.00
694043,3.13,0.00,0.00
694048,3.13,0.00,0.00
694053,3.13,0.00,0.00
694058,3.13,0.00,0.00
694063,3.13,0.00,0.00
694068,3.13,0.00,0.00
694073,3.13,0.00,0.00
694078,3.13,0.00,0.00
694083,3.13,0.00,0.00
694088,3.13,0.00,0.00
694093,3.13,-1.53,0.00
694098,3.13,0.00,0.00
694103,3.13,0.00,0.00
694108,3.13,0.00,0.00
694113,3.13,-1.53,0.00
694118,3.13,0.00,0.00
694123,3.13,0.00,0.00
694128,3.13,0.00,0.00
694133,3.13,0.00,0.00
694138,3.13,0.00,0.00
694143,3.13,0.00,0.00
694148,3.13,0.00,0.00
694153,3.13,1.53,0.00
694158,3.13,0.00,0.00
694163,3.13,0.00,0.00
694168,3.13,0.00,0.00
694173,3.13,0.00,0.00
694178,3.13,0.00,0.00
694183,3.13,0.00,0.00
694188,3.13,0.00,0.00
694193,3.13,0.00,0.00
694198,3.13,0.00,0.00
694203,3.13,0.00,0.00
694208,3.13,0.00,0.00
694213,3.13,0.00,0.00
694218,3.13,-1.53,0.00
694223,3.13,0.00,0.00
694228,3.13,0.00,0.00
694233,3.13,0.00,0.00
694238,3.13,0.00,0.00
694243,3.13,0.00,0.00
694248,3.13,-1.53,0.00
694253,3.13,0.00,0.00
694258,3.13,0.00,0.00
694263,3.13,0.00,0.00
694268,3.13,0.00,0.00
694273,3.13,0.00,0.00
694278,3.13,0.00,0.00
694283,3.13,0.00,0.00
694288,3.13,-1.53,0.00
694293,3.13,0.00,0.00
694298,3.13,0.00,0.00
694303,3.13,0.00,0.00
694308,3.13,0.00,0.00
694313,3.13,-1.53,0.00
694318,3.13,0.00,0.00
694323,3.13,0.00,0.00
694328,3.13,0.00,0.00
694333,3.13,0.00,0.00
694338,3.13,0.00,0.00
694343,3.13,0.00,0.00
694348,3.13,0.00,0.00
694353,3.13,0.00,0.00
694358,3.13,0.00,0.00
694363,3.13,0.00,0.00
694368,3.13,0.00,0.00
694373,3.13,0.00,0.00
694378,3.13,0.00,0.00
694383,3.13,0.00,0.00
694388,3.13,-1.53,0.00
694393,3.13,0.00,0.00
694398,3.13,0.00,0.00
694403,3.13,0.00,0.00
694408,3.13,1.53,0.00
694413,3.13,0.00,0.00
694418,3.13,0.00,0.00
694423,3.13,0.00,0.00
694428,3.13,0.00,0.00
694433,3.13,1.53,0.00
694438,3.13,0.00,0.00
694443,3.13,0.00,0.00
694448,3.13,0.00,0.00
694453,3.13,0.00,0.00
694458,3.13,-1.53,0.00
694463,3.13,0.00,0.00
694468,3.13,0.00,0.00
694473,3.13,1.53,0.00
694478,3.13,0.00,0.00
694483,3.13,1.53,0.00
694488,3.13,0.00,0.00
694493,3.13,0.00,0.00
694498,3.13,0.00,0.00
694503,3.13,0.00,0.00
694508,3.13,0.00,0.00
694513,3.13,0.00,0.00
694518,3.13,-1.53,0.00
694523,3.13,0.00,0.00
694528,3.13,0.00,0.00
694533,3.13,0.00,0.00
694538,3.13,0.00,0.00
694543,3.13,0.00,0.00
694548,3.13,-1.53,0.00
694553,3.13,0.00,0.00
694558,3.13,0.00,0.00
694563,3.13,0.00,0.00
694568,3.13,0.00,0.00
694573,3.13,0.00,0.00
694578,3.13,0.00,0.00
694583,3.13,0.00,0.00
694588,3.13,0.00,0.00
694593,3.13,0.00,0.00
694598,3.13,0.00,0.00
694603,3.13,0.00,0.00
694608,3.13,0.00,0.00
694613,3.13,1.53,0.00
694618,3.13,-1.53,0.00
694623,3.13,0.00,0.00
694628,3.13,0.00,0.00
694633,3.13,0.00,0.00
694638,3.13,0.00,0.00
694643,3.13,0.00,0.00
694648,3.13,0.00,0.00
694653,3.13,0.00,0.00
694658,3.13,1.53,0.00
694663,3.13,0.00,0.00
694668,3.13,0.00,0.00
694673,3.13,1.53,0.00
694678,3.13,0.00,0.00
694683,3.13,0.00,0.00
694688,3.13,0.00,0.00
694693,3.13,0.00,0.00
694698,3.13,0.00,0.00
694703,3.13,0.00,0.00
694708,3.13,0.00,0.00
694713,3.13,0.00,0.00
694718,3.13,1.53,0.00
694723,3.13,0.00,0.00
694728,3.13,0.00,0.00
694733,3.13,1.53,0.00
694738,3.13,0.00,0.00
694743,3.13,-1.53,0.00
694748,3.13,0.00,0.00
694753,3.13,0.00,0.00
694758,3.13,0.00,0.00
694763,3.13,0.00,0.00
694768,3.13,0.00,0.00
694773,3.13,0.00,0.00
694778,3.13,0.00,0.00
694783,3.13,0.00,0.00
694788,3.13,-1.53,0.00
694793,3.13,-1.53,0.00
694798,3.13,0.00,0.00
694803,3.13,0.00,0.00
694808,3.13,0.00,0.00
694813,3.13,0.00,0.00
694818,3.13,0.00,0.00
694823,3.13,0.00,0.00
694828,3.13,-1.53,0.00
694833,3.13,0.00,0.00
694838,3.13,0.00,0.00
694843,3.13,-1.53,0.00
694848,3.13,0.00,0.00
694853,3.13,0.00,0.00
694858,3.13,0.00,0.00
694863,3.13,0.00,0.00
694868,3.13,0.00,0.00
694873,3.13,0.00,0.00
694878,3.13,0.00,0.00
694883,3.13,0.00,0.00
694888,3.13,0.00,0.00
694893,3.13,0.00,0.00
694898,3.13,0.00,0.00
694903,3.13,0.00,0.00
694908,3.13,0.00,0.00
694913,3.13,0.00,0.00
694918,3.13,0.00,0.00
694923,3.13,0.00,0.00
694928,3.13,0.00,0.00
694933,3.13,0.00,0.00
694938,3.13,0.00,0.00
694943,3.13,0.00,0.00
694948,3.13,0.00,0.00
694953,3.13,1.53,0.00
694958,3.13,0.00,0.00
694963,3.13,0.00,0.00
694968,3.13,-1.53,0.00
694973,3.13,0.00,0.00
694978,3.13,0.00,0.00
694983,3.13,0.00,0.00
694988,3.13,0.00,0.00
694993,3.13,0.00,0.00
694998,3.13,0.00,0.00
695003,3.13,-1.53,0.00
695008,3.13,1.53,0.00
695013,3.13,0.00,0.00
695018,3.13,0.00,0.00
695023,3.13,0.00,0.00
695028,3.13,0.00,0.00
695033,3.13,0.00,0.00
695038,3.13,0.00,0.00
695043,3.13,0.00,0.00
695048,3.13,0.00,0.00
695053,3.13,0.00,0.00
695058,3.13,0.00,0.00
695063,3.13,0.00,0.00
695068,3.13,0.00,0.00
695073,3.13,0.00,0.00
695078,3.13,0.00,0.00
695083,3.13,0.00,0.00
695088,3.13,0.00,0.00
695093,3.13,0.00,0.00
695098,3.13,0.00,0.00
695103,3.13,-1.53,0.00
695108,3.13,0.00,0.00
695113,3.13,0.00,0.00
695118,3.13,0.00,0.00
695123,3.13,0.00,0.00
695128,3.13,0.00,0.00
695133,3.13,0.00,0.00
695138,3.13,1.53,0.00
695143,3.13,0.00,0.00
695148,3.13,0.00,0.00
695153,3.13,-1.53,0.00
695158,3.13,0.00,0.00
695163,3.13,0.00,0.00
695168,3.13,0.00,0.00
695173,3.13,-1.53,0.00
695178,3.13,0.00,0.00
695183,3.13,0.00,0.00
695188,3.13,0.00,0.00
695193,3.13,0.00,0.00
695198,3.13,0.00,0.00
695203,3.13,0.00,0.00
695208,3.13,0.00,0.00
695213,3.13,0.00,0.00
695218,3.13,-1.53,0.00
695223,3.13,0.00,0.00
695228,3.13,0.00,0.00
695233,3.13,0.00,0.00
695238,3.13,0.00,0.00
695243,3.13,-1.53,0.00
695248,3.13,0.00,0.00
695253,3.13,0.00,0.00
695258,3.13,0.00,0.00
695263,3.13,0.00,0.00
695268,3.13,0.00,0.00
695273,3.13,0.00,0.00
695278,3.13,-1.53,0.00
695283,3.13,0.00,0.00
695288,3.13,1.53,0.00
695293,3.13,0.00,0.00
695298,3.13,0.00,0.00
695303,3.13,0.00,0.00
695308,3.13,0.00,0.00
695313,3.13,0.00,0.00
695318,3.13,0.00,0.00
695323,3.13,0.00,0.00
695328,3.13,0.00,0.00
695333,3.13,0.00,0.00
695338,3.13,0.00,0.00
695343,3.13,0.00,0.00
695348,3.13,0.00,0.00
695353,3.13,1.53,0.00
695358,3.13,0.00,0.00
695363,3.13,0.00,0.00
695368,3.13,-1.53,0.00
695373,3.13,0.00,0.00
695378,3.13,0.00,0.00
695383,3.13,0.00,0.00
695388,3.13,0.00,0.00
695393,3.13,0.00,0.00
695398,3.13,0.00,0.00
695403,3.13,0.00,0.00
695408,3.13,0.00,0.00
695413,3.13,0.00,0.00
695418,3.13,0.00,0.00
695423,3.13,0.00,0.00
695428,3.13,0.00,0.00
695433,3.13,0.00,0.00
695438,3.13,0.00,0.00
695443,3.13,0.00,0.00
695448,3.13,-1.53,0.00
695453,3.13,0.00,0.00
695458,3.13,0.00,0.00
695463,3.13,1.53,0.00
695468,3.13,0.00,0.00
695473,3.13,0.00,0.00
695478,3.13,0.00,0.00
695483,3.13,0.00,0.00
695488,3.13,0.00,0.00
695493,3.13,0.00,0.00
695498,3.13,0.00,0.00
695503,3.13,0.00,0.00
695508,3.13,0.00,0.00
695513,3.13,0.00,0.00
695518,3.13,0.00,0.00
695523,3.13,0.00,0.00
695528,3.13,-1.53,0.00
695533,3.13,0.00,0.00
695538,3.13,0.00,0.00
695543,3.13,0.00,0.00
695548,3.13,1.53,0.00
695553,3.13,1.53,0.00
695558,3.13,1.53,0.00
695563,3.13,0.00,0.00
695568,3.13,0.00,0.00
695573,3.13,-1.53,0.00
695578,3.13,0.00,0.00
695583,3.13,0.00,0.00
695588,3.13,0.00,0.00
695593,3.13,0.00,0.00
695598,3.13,0.00,0.00
695603,3.13,0.00,0.00
695608,3.13,0.00,0.00
695613,3.13,0.00,0.00
695618,3.13,1.53,0.00
695623,3.13,0.00,0.00
695628,3.13,0.00,0.00
695633,3.13,-1.53,0.00
695638,3.13,0.00,0.00
695643,3.13,0.00,0.00
695648,3.13,0.00,0.00
695653,3.13,0.00,0.00
695658,3.13,0.00,0.00
695663,3.13,0.00,0.00
695668,3.13,1.53,0.00
695673,3.13,0.00,0.00
695678,3.13,0.00,0.00
695683,3.13,0.00,0.00
695688,3.13,0.00,0.00
695693,3.13,0.00,0.00
695698,3.13,0.00,0.00
695703,3.13,0.00,0.00
695708,3.13,0.00,0.00
695713,3.13,0.00,0.00
695718,3.13,0.00,0.00
695723,3.13,0.00,0.00
695728,3.13,0.00,0.00
695733,3.13,0.00,0.00
695738,3.13,0.00,0.00
695743,3.13,0.00,0.00
695748,3.13,0.00,0.00
695753,3.13,0.00,0.00
695758,3.13,-1.53,0.00
695763,3.13,1.53,0.00
695768,3.13,0.00,0.00
695773,3.13,0.00,0.00
695778,3.13,1.53,0.00
695783,3.13,1.53,0.00
695788,3.13,0.00,0.00
695793,3.13,0.00,0.00
695798,3.13,0.00,0.00
695803,3.13,0.00,0.00
695808,3.13,0.00,0.00
695813,3.13,1.53,0.00
695818,3.13,0.00,0.00
695823,3.13,0.00,0.00
695828,3.13,0.00,0.00
695833,3.13,0.00,0.00
695838,3.13,0.00,0.00
695843,3.13,0.00,0.00
695848,3.13,0.00,0.00
695853,3.13,0.00,0.00
695858,3.13,0.00,0.00
695863,3.13,0.00,0.00
695868,3.13,0.00,0.00
695873,3.13,0.00,0.00
695878,3.13,1.53,0.00
695883,3.13,0.00,0.00
695888,3.13,0.00,0.00
695893,3.13,0.00,0.00
695898,3.13,-1.53,0.00
695903,3.13,0.00,0.00
695908,3.13,1.53,0.00
695913,3.13,0.00,0.00
695918,3.13,0.00,0.00
695923,3.13,0.00,0.00
695928,3.13,0.00,0.00
695933,3.13,0.00,0.00
695938,3.13,-1.53,0.00
695943,3.13,0.00,0.00
695948,3.13,0.00,0.00
695953,3.13,0.00,0.00
695958,3.13,0.00,0.00
695963,3.13,0.00,0.00
695968,3.13,-1.53,0.00
695973,3.13,0.00,0.00
695978,3.13,0.00,0.00
695983,3.13,0.00,0.00
695988,3.13,0.00,0.00
695993,3.13,0.00,0.00
695998,3.13,1.53,0.00
696003,3.13,1.53,0.00
696008,3.13,0.00,0.00
696013,3.13,0.00,0.00
696018,3.13,0.00,0.00
696023,3.13,0.00,0.00
696028,3.13,0.00,0.00
696033,3.13,0.00,0.00
696038,3.13,0.00,0.00
696043,3.13,0.00,0.00
696048,3.13,0.00,0.00
696053,3.13,0.00,0.00
696058,3.13,0.00,0.00
696063,3.13,0.00,0.00
696068,3.13,1.53,0.00
696073,3.13,0.00,0.00
696078,3.13,1.53,0.00
696083,3.13,0.00,0.00
696088,3.13,0.00,0.00
696093,3.13,0.00,0.00
696098,3.13,1.53,0.00
696103,3.13,0.00,0.00
696108,3.13,0.00,0.00
696113,3.13,0.00,0.00
696118,3.13,0.00,0.00
696123,3.13,-1.53,0.00
696128,3.13,0.00,0.00
696133,3.13,0.00,0.00
696138,3.13,0.00,0.00
696143,3.13,0.00,0.00
696148,3.13,0.00,0.00
696153,3.13,0.00,0.00
696158,3.13,0.00,0.00
696163,3.13,0.00,0.00
696168,3.13,0.00,0.00
696173,3.13,0.00,0.00
696178,3.13,0.00,0.00
696183,3.13,0.00,0.00
696188,3.13,0.00,0.00
696193,3.13,1.53,0.00
696198,3.13,0.00,0.00
696203,3.13,0.00,0.00
696208,3.13,0.00,0.00
696213,3.13,-1.53,0.00
696218,3.13,0.00,0.00
696223,3.13,0.00,0.00
696228,3.13,0.00,0.00
696233,3.13,0.00,0.00
696238,3.13,0.00,0.00
696243,3.13,0.00,0.00
696248,3.13,0.00,0.00
696253,3.13,0.00,0.00
696258,3.13,0.00,0.00
696263,3.13,-1.53,0.00
696268,3.13,0.00,0.00
696273,3.13,-1.53,0.00
696278,3.13,0.00,0.00
696283,3.13,0.00,0.00
696288,3.13,0.00,0.00
696293,3.13,0.00,0.00
696298,3.13,0.00,0.00
696303,3.13,0.00,0.00
696308,3.13,0.00,0.00
696313,3.13,0.00,0.00
696318,3.13,-1.53,0.00
696323,3.13,0.00,0.00
696328,3.13,-1.53,0.00
696333,3.13,0.00,0.00
696338,3.13,0.00,0.00
696343,3.13,0.00,0.00
696348,3.13,0.00,0.00
696353,3.13,0.00,0.00
696358,3.13,0.00,0.00
696363,3.13,0.00,0.00
696368,3.13,0.00,0.00
696373,3.13,0.00,0.00
696378,3.13,0.00,0.00
696383,3.13,1.53,0.00
696388,3.13,0.00,0.00
696393,3.13,0.00,0.00
696398,3.13,0.00,0.00
696403,3.13,0.00,0.00
696408,3.13,0.00,0.00
696413,3.13,0.00,0.00
696418,3.13,0.00,0.00
696423,3.13,0.00,0.00
696428,3.13,0.00,0.00
696433,3.13,0.00,0.00
696438,3.13,0.00,0.00
696443,3.13,0.00,0.00
696448,3.13,0.00,0.00
696453,3.13,0.00,0.00
696458,3.13,0.00,0.00
696463,3.13,0.00,0.00
696468,3.13,0.00,0.00
696473,3.13,-1.53,0.00
696478,3.13,0.00,0.00
696483,3.13,0.00,0.00
696488,3.13,0.00,0.00
696493,3.13,0.00,0.00
696498,3.13,0.00,0.00
696503,3.13,0.00,0.00
696508,3.13,0.00,0.00
696513,3.13,0.00,0.00
696518,3.13,1.53,0.00
696523,3.13,0.00,0.00
696528,3.13,0.00,0.00
696533,3.13,0.00,0.00
696538,3.13,0.00,0.00
696543,3.13,0.00,0.00
696548,3.13,0.00,0.00
696553,3.13,1.53,0.00
696558,3.13,0.00,0.00
696563,3.13,0.00,0.00
696568,3.13,-1.53,0.00
696573,3.13,0.00,0.00
696578,3.13,0.00,0.00
696583,3.13,0.00,0.00
696588,3.13,0.00,0.00
696593,3.13,0.00,0.00
696598,3.13,0.00,0.00
696603,3.13,0.00,0.00
696608,3.13,0.00,0.00
696613,3.13,-1.53,0.00
696618,3.13,0.00,0.00
696623,3.13,0.00,0.00
696628,3.13,0.00,0.00
696633,3.13,0.00,0.00
696638,3.13,1.53,0.00
696643,3.13,0.00,0.00
696648,3.13,0.00,0.00
696653,3.13,0.00,0.00
696658,3.13,0.00,0.00
696663,3.13,0.00,0.00
696668,3.13,0.00,0.00
696673,3.13,0.00,0.00
696678,3.13,0.00,0.00
696683,3.13,1.53,0.00
696688,3.13,0.00,0.00
696693,3.13,0.00,0.00
696698,3.13,0.00,0.00
696703,3.13,0.00,0.00
696708,3.13,0.00,0.00
696713,3.13,-1.53,0.00
696718,3.13,0.00,0.00
696723,3.13,0.00,0.00
696728,3.13,0.00,0.00
696733,3.13,0.00,0.00
696738,3.13,1.53,0.00
696743,3.13,0.00,0.00
696748,3.13,0.00,0.00
696753,3.13,0.00,0.00
696758,3.13,0.00,0.00
696763,3.13,0.00,0.00
696768,3.13,0.00,0.00
696773,3.13,0.00,0.00
696778,3.13,0.00,0.00
696783,3.13,0.00,0.00
696788,3.13,0.00,0.00
696793,3.13,0.00,0.00
696798,3.13,0.00,0.00
696803,3.13,0.00,0.00
696808,3.13,0.00,0.00
696813,3.13,0.00,0.00
696818,3.13,0.00,0.00
696823,3.13,-1.53,0.00
696828,3.13,0.00,0.00
696833,3.13,0.00,0.00
696838,3.13,0.00,0.00
696843,3.13,0.00,0.00
696848,3.13,0.00,0.00
696853,3.13,0.00,0.00
696858,3.13,0.00,0.00
696863,3.13,0.00,0.00
696868,3.13,0.00,0.00
696873,3.13,0.00,0.00
696878,3.13,-1.53,0.00
696883,3.13,0.00,0.00
696888,3.13,0.00,0.00
696893,3.13,0.00,0.00
696898,3.13,0.00,0.00
696903,3.13,0.00,0.00
696908,3.13,0.00,0.00
696913,3.13,0.00,0.00
696918,3.13,0.00,0.00
696923,3.13,-1.53,0.00
696928,3.13,0.00,0.00
696933,3.13,0.00,0.00
696938,3.13,1.53,0.00
696943,3.13,0.00,0.00
696948,3.13,0.00,0.00
696953,3.13,0.00,0.00
696958,3.13,-1.53,0.00
696963,3.13,0.00,0.00
696968,3.13,0.00,0.00
696973,3.13,0.00,0.00
696978,3.13,-1.53,0.00
696983,3.13,0.00,0.00
696988,3.13,0.00,0.00
696993,3.13,0.00,0.00
696998,3.13,0.00,0.00
697003,3.13,0.00,0.00
697008,3.13,0.00,0.00
697013,3.13,0.00,0.00
697018,3.13,0.00,0.00
697023,3.13,0.00,0.00
697028,3.13,0.00,0.00
697033,3.13,0.00,0.00
697038,3.13,0.00,0.00
697043,3.13,0.00,0.00
697048,3.13,0.00,0.00
697053,3.13,0.00,0.00
697058,3.13,0.00,0.00
697063,3.13,0.00,0.00
697068,3.13,0.00,0.00
697073,3.13,0.00,0.00
697078,3.13,0.00,0.00
697083,3.13,0.00,0.00
697088,3.13,0.00,0.00
697093,3.13,0.00,0.00
697098,3.13,0.00,0.00
697103,3.13,0.00,0.00
697108,3.13,0.00,0.00
697113,3.13,0.00,0.00
697118,3.13,0.00,0.00
697123,3.13,0.00,0.00
697128,3.13,0.00,0.00
697133,3.13,0.00,0.00
697138,3.13,-1.53,0.00
697143,3.13,0.00,0.00
697148,3.13,0.00,0.00
697153,3.13,0.00,0.00
697158,3.13,0.00,0.00
697163,3.13,0.00,0.00
697168,3.13,0.00,0.00
697173,3.13,0.00,0.00
697178,3.13,0.00,0.00
697183,3.13,0.00,0.00
697188,3.13,0.00,0.00
697193,3.13,0.00,0.00
697198,3.13,0.00,0.00
697203,3.13,0.00,0.00
697208,3.13,0.00,0.00
697213,3.13,0.00,0.00
697218,3.13,0.00,0.00
697223,3.13,0.00,0.00
697228,3.13,0.00,0.00
697233,3.13,0.00,0.00
697238,3.13,0.00,0.00
697243,3.13,0.00,0.00
697248,3.13,0.00,0.00
697253,3.13,0.00,0.00
697258,3.13,1.53,0.00
697263,3.13,0.00,0.00
697268,3.13,0.00,0.00
697273,3.13,0.00,0.00
697278,3.13,0.00,0.00
697283,3.13,0.00,0.00
697288,3.13,0.00,0.00
697293,3.13,0.00,0.00
697298,3.13,0.00,0.00
697303,3.13,0.00,0.00
697308,3.13,0.00,0.00
697313,3.13,0.00,0.00
697318,3.13,0.00,0.00
697323,3.13,0.00,0.00
697328,3.13,1.53,0.00
697333,3.13,0.00,0.00
697338,3.13,0.00,0.00
697343,3.13,0.00,0.00
697348,3.13,0.00,0.00
697353,3.13,0.00,0.00
697358,3.13,0.00,0.00
697363,3.13,0.00,0.00
697368,3.13,0.00,0.00
697373,3.13,0.00,0.00
697378,3.13,0.00,0.00
697383,3.13,0.00,0.00
697388,3.13,0.00,0.00
697393,3.13,0.00,0.00
697398,3.13,1.53,0.00
697403,3.13,0.00,0.00
697408,3.13,0.00,0.00
697413,3.13,0.00,0.00
697418,3.13,0.00,0.00
697423,3.13,0.00,0.00
697428,3.13,0.00,0.00
697433,3.13,0.00,0.00
697438,3.13,0.00,0.00
697443,3.13,0.00,0.00
697448,3.13,0.00,0.00
697453,3.13,0.00,0.00
697458,3.13,0.00,0.00
697463,3.13,0.00,0.00
697468,3.13,0.00,0.00
697473,3.13,0.00,0.00
697478,3.13,0.00,0.00
697483,3.13,0.00,0.00
697488,3.13,0.00,0.00
697493,3.13,0.00,0.00
697498,3.13,0.00,0.00
697503,3.13,0.00,0.00
697508,3.13,0.00,0.00
697513,3.13,0.00,0.00
697518,3.13,0.00,0.00
697523,3.13,0.00,0.00
697528,3.13,0.00,0.00
697533,3.13,0.00,0.00
697538,3.13,0.00,0.00
697543,3.13,0.00,0.00
697548,3.13,0.00,0.00
697553,3.13,0.00,0.00
697558,3.13,0.00,0.00
697563,3.13,0.00,0.00
697568,3.13,0.00,0.00
697573,3.13,0.00,0.00
697578,3.13,0.00,0.00
697583,3.13,0.00,0.00
697588,3.13,0.00,0.00
697593,3.13,0.00,0.00
697598,3.13,0.00,0.00
697603,3.13,0.00,0.00
697608,3.13,0.00,0.00
#O