=~=~=~=~=~=~=~=~=~=~=~= PuTTY log 2024.09.02 14:33:21 =~=~=~=~=~=~=~=~=~=~=~=
#OUT 1608 -3.14 0.00 0.00
#OUT 1613 -3.14 0.00 0.00
#OUT 1618 -3.14 0.00 0.00
#OUT 1623 -3.14 0.00 0.00
#OUT 1628 -3.14 0.00 0.00
#OUT 1633 -3.14 0.00 0.00
#OUT 1638 -3.14 0.00 0.00
#OUT 1643 -3.14 0.00 0.00
#OUT 1648 -3.14 0.00 0.00
#OUT 1653 -3.14 0.00 0.00
#OUT 1658 -3.14 0.00 0.00
#OUT 1663 -3.14 0.00 0.00
#OUT 1668 -3.14 0.00 0.00
#OUT 1673 -3.14 0.00 0.00
#OUT 1678 -3.14 0.00 0.00
#OUT 1683 -3.14 0.00 0.00
#OUT 1688 -3.14 0.00 0.00
#OUT 1693 -3.14 0.00 0.00
#OUT 1698 -3.14 0.00 0.00
#OUT 1703 -3.14 0.00 0.00
#OUT 1708 -3.14 0.00 0.00
#OUT 1713 -3.14 0.00 0.00
#OUT 1718 -3.14 0.00 0.00
#OUT 1723 -3.14 0.00 0.00
#OUT 1728 -3.14 0.00 0.00
#OUT 1733 -3.14 0.00 0.00
#OUT 1738 -3.14 0.00 0.00
#OUT 1743 -3.14 0.00 0.00
#OUT 1748 -3.14 0.00 0.00
#OUT 1753 -3.14 0.00 0.00
#OUT 1758 -3.14 0.00 0.00
#OUT 1763 -3.14 0.00 0.00
#OUT 1768 -3.14 0.00 0.00
#OUT 1773 -3.14 0.00 0.00
#OUT 1778 -3.14 0.00 0.00
#OUT 1783 -3.14 0.00 0.00
#OUT 1788 -3.14 0.00 0.00
#OUT 1793 -3.14 0.00 0.00
#OUT 1798 -3.14 0.00 0.00
#OUT 1803 -3.14 0.00 0.00
#OUT 1808 -3.14 0.00 0.00
#OUT 1813 -3.14 0.00 0.00
#OUT 1818 -3.14 0.00 0.00
#OUT 1823 -3.14 0.00 0.00
#OUT 1828 -3.14 0.00 0.00
#OUT 1833 -3.14 0.00 0.00
#OUT 1838 -3.14 0.00 0.00
#OUT 1843 -3.14 0.00 0.00
#OUT 1848 -3.14 0.00 0.00
#OUT 1853 -3.14 0.00 0.00
#OUT 1858 -3.14 0.00 0.00
#OUT 1863 -3.14 0.00 0.00
#OUT 1868 -3.14 0.00 0.00
#OUT 1873 -3.14 0.00 0.00
#OUT 1878 -3.14 0.00 0.00
#OUT 1883 -3.14 0.00 0.00
#OUT 1888 -3.14 0.00 0.00
#OUT 1893 -3.14 0.00 0.00
#OUT 1898 -3.14 0.00 0.00
#OUT 1903 -3.14 0.00 0.00
#OUT 1908 -3.14 0.00 0.00
#OUT 1913 -3.14 0.00 0.00
#OUT 1918 -3.14 0.00 0.00
#OUT 1923 -3.14 0.00 0.00
#OUT 1928 -3.14 0.00 0.00
#OUT 1933 -3.14 0.00 0.00
#OUT 1938 -3.14 0.00 0.00
#OU14 0.00 0.00
#OUT 9403 -3.14 0.00 0.00
#OUT 9408 -3.14 0.00 0.00
#OUT 9412 -3.14 0.00 0.00
#OUT 9418 -3.14 0.00 0.00
#OUT 9423 -3.14 0.00 0.00
#OUT 9428 -3.14 0.00 0.00
#OUT 9432 -3.14 0.00 0.00
#OUT 9438 -3.14 0.00 0.00
#OUT 9443 -3.14 0.00 0.00
#OUT 9448 -3.14 0.00 0.00
#OUT 9452 -3.14 0.00 0.00
#OUT 9458 -3.14 0.00 0.00
#OUT 9463 -3.14 0.00 0.00
#OUT 9468 -3.14 0.00 0.00
#OUT 9472 -3.14 0.00 0.00
#OUT 9478 -3.14 0.00 0.00
#OUT 9483 -3.14 0.00 0.00
#OUT 9488 -3.14 0.00 0.00
#OUT 9492 -3.14 0.00 0.00
#OUT 9498 -3.14 0.00 0.00
#OUT 9503 -3.14 0.00 0.00
#OUT 9508 -3.14 0.00 0.00
#OUT 9512 -3.14 0.00 0.00
#OUT 9518 -3.14 0.00 0.00
#OUT 9523 -3.14 0.00 0.00
#OUT 9528 -3.14 0.00 0.00
#OUT 9532 -3.14 0.00 0.00
#OUT 9538 -3.14 0.00 0.00
#OUT 9543 -3.14 0.00 0.00
#OUT 9548 -3.14 0.00 0.00
#OUT 9552 -3.14 0.00 0.00
#OUT 9558 -3.14 0.00 0.00
#OUT 9563 -3.14 0.00 0.00
#OUT 9568 -3.14 0.00 0.00
#OUT 9572 -3.14 0.00 0.00
#OUT 9578 -3.14 0.00 0.00
#OUT 9583 -3.14 0.00 0.00
#OUT 9588 -3.14 0.00 0.00
#OUT 9592 -3.14 0.00 0.00
#OUT 9598 -3.14 0.00 0.00
#OUT 9603 -3.14 0.00 0.00
#OUT 9608 -3.14 0.00 0.00
#OUT 9612 -3.14 0.00 0.00
#OUT 9618 -3.14 0.00 0.00
#OUT 9623 -3.14 0.00 0.00
#OUT 9628 -3.14 0.00 0.00
#OUT 9632 -3.14 0.00 0.00
#OUT 9638 -3.14 0.00 0.00
#OUT 9643 -3.14 0.00 0.00
#OUT 9648 -3.14 0.00 0.00
#OUT 9652 -3.14 0.00 0.00
#OUT 9658 -3.14 0.00 0.00
#OUT 9663 -3.14 0.00 0.00
#OUT 9668 -3.14 0.00 0.00
#OUT 9672 -3.14 0.00 0.00
#OUT 9678 -3.14 0.00 0.00
#OUT 9683 -3.14 0.00 0.00
#OUT 9688 -3.14 0.00 0.00
#OUT 9692 -3.14 0.00 0.00
#OUT 9698 -3.14 0.00 0.00
#OUT 9703 -3.14 0.00 0.00
#OUT 9708 -3.14 0.00 0.00
#OUT 9712 -3.14 0.00 0.00
#OUT 9718 -3.14 0.00 0.00
#OUT 9723 -3.14 0.00 0.00
#OUT 9728 -3.14 0.00 0.00
#OUT 9732 -3.14 0.00 0.00
#OUT 9738 -3.14 0.00 0.00
#OUT 9743 -3.14 0.00 0.00
#OUT 9748 -3.14 0.00 0.00
#OUT 9752 -3.14 0.00 0.00
#OUT 9758 -3.14 0.00 0.00
#OUT 9763 -3.14 0.00 0.00
#OUT 9768 -3.14 0.00 0.00
#OUT 9772 -3.14 0.00 0.00
#OUT 9778 -3.14 0.00 0.00
#OUT 9783 -3.14 0.00 0.00
#OUT 9788 -3.14 0.00 0.00
#OUT 9792 -3.14 0.00 0.00
#OUT 9798 -3.14 0.00 0.00
#OUT 9803 -3.14 0.00 0.00
#OUT 9808 -3.14 0.00 0.00
#OUT 9812 -3.14 0.00 0.00
#OUT 9818 -3.14 0.00 0.00
#OUT 9823 -3.14 0.00 0.00
#OUT 9828 -3.14 0.00 0.00
#OUT 9832 -3.14 0.00 0.00
#OUT 9838 -3.14 0.00 0.00
#OUT 9843 -3.14 0.00 0.00
#OUT 9848 -3.14 0.00 0.00
#OUT 9852 -3.14 0.00 0.00
#OUT 9858 -3.14 0.00 0.00
#OUT 9863 -3.14 0.00 0.00
#OUT 9868 -3.14 0.00 0.00
#OUT 9872 -3.14 0.00 0.00
#OUT 9878 -3.14 0.00 0.00
#OUT 9883 -3.14 0.00 0.00
#OUT 9888 -3.14 0.00 0.00
#OUT 9892 -3.14 0.00 0.00
#OUT 9898 -3.14 0.00 0.00
#OUT 9903 -3.14 0.00 0.00
#OUT 9908 -3.14 0.00 0.00
#OUT 9912 -3.14 0.00 0.00
#OUT 9918 -3.14 0.00 0.00
#OUT 9923 -3.14 0.00 0.00
#OUT 9928 -3.14 0.00 0.00
#OUT 9932 -3.14 0.00 0.00
#OUT 9938 -3.14 0.00 0.00
#OUT 9943 -3.14 0.00 0.00
#OUT 9948 -3.14 0.00 0.00
#OUT 9952 -3.14 0.00 0.00
#OUT 9958 -3.14 0.00 0.00
#OUT 9963 -3.14 0.00 0.00
#OUT 9968 -3.14 0.00 0.00
#OUT 9972 -3.14 0.00 0.00
#OUT 9978 -3.14 0.00 0.00
#OUT 9983 -3.14 0.00 0.00
#OUT 9988 -3.14 0.00 0.00
#OUT 9992 -3.14 0.00 0.00
#OUT 9998 -3.14 0.00 0.00
#OUT 10003 -3.14 0.00 0.00
#OUT 10008 -3.14 0.00 0.00
#OUT 10012 -3.14 0.00 0.00
#OUT 10018 -3.14 0.00 0.00
#OUT 10023 -3.14 0.00 0.00
#OUT 10028 -3.14 0.00 0.00
#OUT 10032 -3.14 0.00 0.00
#OUT 10038 -3.14 0.00 0.00
#OUT 10043 -3.14 0.00 0.00
#OUT 10048 -3.14 0.00 0.00
#OUT 10052 -3.14 0.00 0.00
#OUT 10058 -3.14 0.00 0.00
#OUT 10063 -3.14 0.00 0.00
#OUT 10068 -3.14 0.00 0.00
#OUT 10072 -3.14 0.00 0.00
#OUT 10078 -3.14 0.00 0.00
#OUT 10083 -3.14 0.00 0.00
#OUT 10088 -3.14 0.00 0.00
#OUT 10092 -3.14 0.00 0.00
#OUT 10098 -3.14 0.00 0.00
#OUT 10103 -3.14 0.00 0.00
#OUT 10108 -3.14 0.00 0.00
#OUT 10112 -3.14 0.00 0.00
#OUT 10118 -3.14 0.00 0.00
#OUT 10123 -3.14 0.00 0.00
#OUT 10128 -3.14 0.00 0.00
#OUT 10132 -3.14 0.00 0.00
#OUT 10138 -3.14 0.00 0.00
#OUT 10143 -3.14 0.00 0.00
#OUT 10148 -3.14 0.00 0.00
#OUT 10152 -3.14 0.00 0.00
#OUT 10158 -3.14 0.00 0.00
#OUT 10163 -3.14 0.00 0.00
#OUT 10168 -3.14 0.00 0.00
#OUT 10172 -3.14 0.00 0.00
#OUT 10178 -3.14 0.00 0.00
#OUT 10183 -3.14 0.00 0.00
#OUT 10188 -3.14 0.00 0.00
#OUT 10192 -3.14 0.00 0.00
#OUT 10198 -3.14 0.00 0.00
#OUT 10203 -3.14 0.00 0.00
#OUT 10208 -3.14 0.00 0.00
#OUT 10212 -3.14 0.00 0.00
#OUT 10218 -3.14 0.00 0.00
#OUT 10223 -3.14 0.00 0.00
#OUT 10228 -3.14 0.00 0.00
#OUT 10232 -3.14 0.00 0.00
#OUT 10238 -3.14 0.00 0.00
#OUT 10243 -3.14 0.00 0.00
#OUT 10248 -3.14 0.00 0.00
#OUT 10252 -3.14 0.00 0.00
#OUT 10258 -3.14 0.00 0.00
#OUT 10263 -3.14 0.00 0.00
#OUT 10268 -3.14 0.00 0.00
#OUT 10272 -3.14 0.00 0.00
#OUT 10278 -3.14 0.00 0.00
#OUT 10283 -3.14 0.00 0.00
#OUT 10288 -3.14 0.00 0.00
#OUT 10292 -3.14 0.00 0.00
#OUT 10298 -3.14 0.00 0.00
#OUT 10303 -3.14 0.00 0.00
#OUT 10308 -3.14 0.00 0.00
#OUT 10312 -3.14 0.00 0.00
#OUT 10318 -3.14 0.00 0.00
#OUT 10323 -3.14 0.00 0.00
#OUT 10328 -3.14 0.00 0.00
#OUT 10332 -3.14 0.00 0.00
#OUT 10338 -3.14 0.00 0.00
#OUT 10343 -3.14 0.00 0.00
#OUT 10348 -3.14 0.00 0.00
#OUT 10352 -3.14 0.00 0.00
#OUT 10358 -3.14 0.00 0.00
#OUT 10363 -3.14 0.00 0.00
#OUT 10368 -3.14 0.00 0.00
#OUT 10372 -3.14 0.00 0.00
#OUT 10378 -3.14 0.00 0.00
#OUT 10383 -3.14 0.00 0.00
#OUT 10388 -3.14 0.00 0.00
#OUT 10392 -3.14 0.00 0.00
#OUT 10398 -3.14 0.00 0.00
#OUT 10403 -3.14 0.00 0.00
#OUT 10408 -3.14 0.00 0.00
#OUT 10412 -3.14 0.00 0.00
#OUT 10418 -3.14 0.00 0.00
#OUT 10423 -3.14 0.00 0.00
#OUT 10428 -3.14 0.00 0.00
#OUT 10432 -3.14 0.00 0.00
#OUT 10438 -3.14 0.00 0.00
#OUT 10443 -3.14 0.00 0.00
#OUT 10448 -3.14 0.00 0.00
#OUT 10452 -3.14 0.00 0.00
#OUT 10458 -3.14 0.00 0.00
#OUT 10463 -3.14 0.00 0.00
#OUT 10468 -3.14 0.00 0.00
#OUT 10472 -3.14 0.00 0.00
#OUT 10478 -3.14 0.00 0.00
#OUT 10483 -3.14 0.00 0.00
#OUT 10488 -3.14 0.00 0.00
#OUT 10492 -3.14 0.00 0.00
#OUT 10498 -3.14 0.00 0.00
#OUT 10503 -3.14 0.00 0.00
#OUT 10508 -3.14 0.00 0.00
#OUT 10512 -3.14 0.00 0.00
#OUT 10518 -3.14 0.00 0.00
#OUT 10523 -3.14 0.00 0.00
#OUT 10528 -3.14 0.00 0.00
#OUT 10532 -3.14 0.00 0.00
#OUT 10538 -3.14 0.00 0.00
#OUT 10543 -3.14 0.00 0.00
#OUT 10548 -3.14 0.00 0.00
#OUT 10552 -3.14 0.00 0.00
#OUT 10558 -3.14 0.00 0.00
#OUT 10563 -3.14 0.00 0.00
#OUT 10568 -3.14 0.00 0.00
#OUT 10572 -3.14 0.00 0.00
#OUT 10578 -3.14 0.00 0.00
#OUT 10583 -3.14 0.00 0.00
#OUT 10588 -3.14 0.00 0.00
#OUT 10592 -3.14 0.00 0.00
#OUT 10598 -3.14 0.00 0.00
#OUT 10603 -3.14 0.00 0.00
#OUT 10608 -3.14 0.00 0.00
#OUT 10612 -3.14 0.00 0.00
#OUT 10618 -3.14 0.00 0.00
#OUT 10623 -3.14 0.00 0.00
#OUT 10628 -3.14 0.00 0.00
#OUT 10632 -3.14 0.00 0.00
#OUT 10638 -3.14 0.00 0.00
#OUT 10643 -3.14 0.00 0.00
#OUT 10648 -3.14 0.00 0.00
#OUT 10652 -3.14 0.00 0.00
#OUT 10658 -3.14 0.00 0.00
#OUT 10663 -3.14 0.00 0.00
#OUT 10668 -3.14 0.00 0.00
#OUT 10672 -3.14 0.00 0.00
#OUT 10678 -3.14 0.00 0.00
#OUT 10683 -3.14 0.00 0.00
#OUT 10688 -3.14 0.00 0.00
#OUT 10692 -3.14 0.00 0.00
#OUT 10698 -3.14 0.00 0.00
#OUT 10703 -3.14 0.00 0.00
#OUT 10708 -3.14 0.00 0.00
#OUT 10712 -3.14 0.00 0.00
#OUT 10718 -3.14 0.00 0.00
#OUT 10723 -3.14 0.00 0.00
#OUT 10728 -3.14 0.00 0.00
#OUT 10732 -3.14 0.00 0.00
#OUT 10738 -3.14 0.00 0.00
#OUT 10743 -3.14 0.00 0.00
#OUT 10748 -3.14 0.00 0.00
#OUT 10752 -3.14 0.00 0.00
#OUT 10758 -3.14 0.00 0.00
#OUT 10763 -3.14 0.00 0.00
#OUT 10768 -3.14 0.00 0.00
#OUT 10772 -3.14 0.00 0.00
#OUT 10778 -3.14 0.00 0.00
#OUT 10783 -3.14 0.00 0.00
#OUT 10788 -3.14 0.00 0.00
#OUT 10792 -3.14 0.00 0.00
#OUT 10798 -3.14 0.00 0.00
#OUT 10803 -3.14 0.00 0.00
#OUT 10808 -3.14 0.00 0.00
#OUT 10812 -3.14 0.00 0.00
#OUT 10818 -3.14 0.00 0.00
#OUT 10823 -3.14 0.00 0.00
#OUT 10828 -3.14 0.00 0.00
#OUT 10832 -3.14 0.00 0.00
#OUT 10838 -3.14 0.00 0.00
#OUT 10843 -3.14 0.00 0.00
#OUT 10848 -3.14 0.00 0.00
#OUT 10852 -3.14 0.00 0.00
#OUT 10858 -3.14 0.00 0.00
#OUT 10863 -3.14 0.00 0.00
#OUT 10868 -3.14 0.00 0.00
#OUT 10872 -3.14 0.00 0.00
#OUT 10878 -3.14 0.00 0.00
#OUT 10883 -3.14 0.00 0.00
#OUT 10888 -3.14 0.00 0.00
#OUT 10892 -3.14 0.00 0.00
#OUT 10898 -3.14 0.00 0.00
#OUT 10903 -3.14 0.00 0.00
#OUT 10908 -3.14 0.00 0.00
#OUT 10912 -3.14 0.00 0.00
#OUT 10918 -3.14 0.00 0.00
#OUT 10923 -3.14 0.00 0.00
#OUT 10928 -3.14 0.00 0.00
#OUT 10932 -3.14 0.00 0.00
#OUT 10938 -3.14 0.00 0.00
#OUT 10943 -3.14 0.00 0.00
#OUT 10948 -3.14 0.00 0.00
#OUT 10952 -3.14 0.00 0.00
#OUT 10958 -3.14 0.00 0.00
#OUT 10963 -3.14 0.00 0.00
#OUT 10968 -3.14 0.00 0.00
#OUT 10972 -3.14 0.00 0.00
#OUT 10978 -3.14 0.00 0.00
#OUT 10983 -3.14 0.00 0.00
#OUT 10988 -3.14 0.00 0.00
#OUT 10992 -3.14 0.00 0.00
#OUT 10998 -3.14 0.00 0.00
#OUT 11003 -3.14 0.00 0.00
#OUT 11008 -3.14 0.00 0.00
#OUT 11012 -3.14 0.00 0.00
#OUT 11018 -3.14 0.00 0.00
#OUT 11023 -3.14 0.00 0.00
#OUT 11028 -3.14 0.00 0.00
#OUT 11032 -3.14 0.00 0.00
#OUT 11038 -3.14 0.00 0.00
#OUT 11043 -3.14 0.00 0.00
#OUT 11048 -3.14 0.00 0.00
#OUT 11052 -3.14 0.00 0.00
#OUT 11058 -3.14 0.00 0.00
#OUT 11063 -3.14 0.00 0.00
#OUT 11068 -3.14 0.00 0.00
#OUT 11072 -3.14 0.00 0.00
#OUT 11078 -3.14 0.00 0.00
#OUT 11083 -3.14 0.00 0.00
#OUT 11088 -3.14 0.00 0.00
#OUT 11092 -3.14 0.00 0.00
#OUT 11098 -3.14 0.00 0.00
#OUT 11103 -3.14 0.00 0.00
#OUT 11108 -3.14 0.00 0.00
#OUT 11112 -3.14 0.00 0.00
#OUT 11118 -3.14 0.00 0.00
#OUT 11123 -3.14 0.00 0.00
#OUT 11128 -3.14 0.00 0.00
#OUT 11132 -3.14 0.00 0.00
#OUT 11138 -3.14 0.00 0.00
#OUT 11143 -3.14 0.00 0.00
#OUT 11148 -3.14 0.00 0.00
#OUT 11152 -3.14 0.00 0.00
#OUT 11158 -3.14 0.00 0.00
#OUT 11163 -3.14 0.00 0.00
#OUT 11168 -3.14 0.00 0.00
#OUT 11172 -3.14 0.00 0.00
#OUT 11178 -3.14 0.00 0.00
#OUT 11183 -3.14 0.00 0.00
#OUT 11188 -3.14 0.00 0.00
#OUT 11192 -3.14 0.00 0.00
#OUT 11198 -3.14 0.00 0.00
#OUT 11203 -3.14 0.00 0.00
#OUT 11208 -3.14 0.00 0.00
#OUT 11212 -3.14 0.00 0.00
#OUT 11218 -3.14 0.00 0.00
#OUT 11223 -3.14 0.00 0.00
#OUT 11228 -3.14 0.00 0.00
#OUT 11232 -3.14 0.00 0.00
#OUT 11238 -3.14 0.00 0.00
#OUT 11243 -3.14 0.00 0.00
#OUT 11248 -3.14 0.00 0.00
#OUT 11252 -3.14 0.00 0.00
#OUT 11258 -3.14 0.00 0.00
#OUT 11263 -3.14 0.00 0.00
#OUT 11268 -3.14 0.00 0.00
#OUT 11272 -3.14 0.00 0.00
#OUT 11278 -3.14 0.00 0.00
#OUT 11283 -3.14 0.00 0.00
#OUT 11288 -3.14 0.00 0.00
#OUT 11292 -3.14 0.00 0.00
#OUT 11298 -3.14 0.00 0.00
#OUT 11303 -3.14 0.00 0.00
#OUT 11308 -3.14 0.00 0.00
#OUT 11312 -3.14 0.00 0.00
#OUT 11318 -3.14 0.00 0.00
#OUT 11323 -3.14 0.00 0.00
#OUT 11328 -3.14 0.00 0.00
#OUT 11332 -3.14 0.00 0.00
#OUT 11338 -3.14 0.00 0.00
#OUT 11343 -3.14 0.00 0.00
#OUT 11348 -3.14 0.00 0.00
#OUT 11352 -3.14 0.00 0.00
#OUT 11358 -3.14 0.00 0.00
#OUT 11363 -3.14 0.00 0.00
#OUT 11368 -3.14 0.00 0.00
#OUT 11372 -3.14 0.00 0.00
#OUT 11378 -3.14 0.00 0.00
#OUT 11383 -3.14 0.00 0.00
#OUT 11388 -3.14 0.00 0.00
#OUT 11392 -3.14 0.00 0.00
#OUT 11398 -3.14 0.00 0.00
#OUT 11403 -3.14 0.00 0.00
#OUT 11408 -3.14 0.00 0.00
#OUT 11412 -3.14 0.00 0.00
#OUT 11418 -3.14 0.00 0.00
#OUT 11423 -3.14 0.00 0.00
#OUT 11428 -3.14 0.00 0.00
#OUT 11432 -3.14 0.00 0.00
#OUT 11438 -3.14 0.00 0.00
#OUT 11443 -3.14 0.00 0.00
#OUT 11448 -3.14 0.00 0.00
#OUT 11452 -3.14 0.00 0.00
#OUT 11458 -3.14 0.00 0.00
#OUT 11463 -3.14 0.00 0.00
#OUT 11468 -3.14 0.00 0.00
#OUT 11472 -3.14 0.00 0.00
#OUT 11478 -3.14 0.00 0.00
#OUT 11483 -3.14 0.00 0.00
#OUT 11488 -3.14 0.00 0.00
#OUT 11492 -3.14 0.00 0.00
#OUT 11498 -3.14 0.00 0.00
#OUT 11503 -3.14 0.00 0.00
#OUT 11508 -3.14 0.00 0.00
#OUT 11512 -3.14 0.00 0.00
#OUT 11518 -3.14 0.00 0.00
#OUT 11523 -3.14 0.00 0.00
#OUT 11528 -3.14 0.00 0.00
#OUT 11532 -3.14 0.00 0.00
#OUT 11538 -3.14 0.00 0.00
#OUT 11543 -3.14 0.00 0.00
#OUT 11548 -3.14 0.00 0.00
#OUT 11552 -3.14 0.00 0.00
#OUT 11558 -3.14 0.00 0.00
#OUT 11563 -3.14 0.00 0.00
#OUT 11568 -3.14 0.00 0.00
#OUT 11572 -3.14 0.00 0.00
#OUT 11578 -3.14 0.00 0.00
#OUT 11583 -3.14 0.00 0.00
#OUT 11588 -3.14 0.00 0.00
#OUT 11592 -3.14 0.00 0.00
#OUT 11598 -3.14 0.00 0.00
#OUT 11603 -3.14 0.00 0.00
#OUT 11608 -3.14 0.00 0.00
#OUT 11612 -3.14 0.00 0.00
#OUT 11618 -3.14 0.00 0.00
#OUT 11623 -3.14 0.00 0.00
#OUT 11628 -3.14 0.00 0.00
#OUT 11632 -3.14 0.00 0.00
#OUT 11638 -3.14 0.00 0.00
#OUT 11643 -3.14 0.00 0.00
#OUT 11648 -3.14 0.00 0.00
#OUT 11652 -3.14 0.00 0.00
#OUT 11658 -3.14 0.00 0.00
#OUT 11663 -3.14 0.00 0.00
#OUT 11668 -3.14 0.00 0.00
#OUT 11672 -3.14 0.00 0.00
#OUT 11678 -3.14 0.00 0.00
#OUT 11683 -3.14 0.00 0.00
#OUT 11688 -3.14 0.00 0.00
#OUT 11692 -3.14 0.00 0.00
#OUT 11698 -3.14 0.00 0.00
#OUT 11703 -3.14 0.00 0.00
#OUT 11708 -3.14 0.00 0.00
#OUT 11712 -3.14 0.00 0.00
#OUT 11718 -3.14 0.00 0.00
#OUT 11723 -3.14 0.00 0.00
#OUT 11728 -3.14 0.00 0.00
#OUT 11732 -3.14 0.00 0.00
#OUT 11738 -3.14 0.00 0.00
#OUT 11743 -3.14 0.00 0.00
#OUT 11748 -3.14 0.00 0.00
#OUT 11752 -3.14 0.00 0.00
#OUT 11758 -3.14 0.00 0.00
#OUT 11763 -3.14 0.00 0.00
#OUT 11768 -3.14 0.00 0.00
#OUT 11772 -3.14 0.00 0.00
#OUT 11778 -3.14 0.00 0.00
#OUT 11783 -3.14 0.00 0.00
#OUT 11788 -3.14 0.00 0.00
#OUT 11792 -3.14 0.00 0.00
#OUT 11798 -3.14 0.00 0.00
#OUT 11803 -3.14 0.00 0.00
#OUT 11808 -3.14 0.00 0.00
#OUT 11812 -3.14 0.00 0.00
#OUT 11818 -3.14 0.00 0.00
#OUT 11823 -3.14 0.00 0.00
#OUT 11828 -3.14 0.00 0.00
#OUT 11832 -3.14 0.00 0.00
#OUT 11838 -3.14 0.00 0.00
#OUT 11843 -3.14 0.00 0.00
#OUT 11848 -3.14 0.00 0.00
#OUT 11852 -3.14 0.00 0.00
#OUT 11858 -3.14 0.00 0.00
#OUT 11863 -3.14 0.00 0.00
#OUT 11868 -3.14 0.00 0.00
#OUT 11872 -3.14 0.00 0.00
#OUT 11878 -3.14 0.00 0.00
#OUT 11883 -3.14 0.00 0.00
#OUT 11888 -3.14 0.00 0.00
#OUT 11892 -3.14 0.00 0.00
#OUT 11898 -3.14 0.00 0.00
#OUT 11903 -3.14 0.00 0.00
#OUT 11908 -3.14 0.00 0.00
#OUT 11912 -3.14 0.00 0.00
#OUT 11918 -3.14 0.00 0.00
#OUT 11923 -3.14 0.00 0.00
#OUT 11928 -3.14 0.00 0.00
#OUT 11932 -3.14 0.00 0.00
#OUT 11938 -3.14 0.00 0.00
#OUT 11943 -3.14 0.00 0.00
#OUT 11948 -3.14 0.00 0.00
#OUT 11952 -3.14 0.00 0.00
#OUT 11958 -3.14 0.00 0.00
#OUT 11963 -3.14 0.00 0.00
#OUT 11968 -3.14 0.00 0.00
#OUT 11972 -3.14 0.00 0.00
#OUT 11978 -3.14 0.00 0.00
#OUT 11983 -3.14 0.00 0.00
#OUT 11988 -3.14 0.00 0.00
#OUT 11992 -3.14 0.00 0.00
#OUT 11998 -3.14 0.00 0.00
#OUT 12003 -3.14 0.00 0.00
#OUT 12008 -3.14 0.00 0.00
#OUT 12012 -3.14 0.00 0.00
#OUT 12018 -3.14 0.00 0.00
#OUT 12023 -3.14 0.00 0.00
#OUT 12028 -3.14 0.00 0.00
#OUT 12032 -3.14 0.00 0.00
#OUT 12038 -3.14 0.00 0.00
#OUT 12043 -3.14 0.00 0.00
#OUT 12048 -3.14 0.00 0.00
#OUT 12052 -3.14 0.00 0.00
#OUT 12058 -3.14 0.00 0.00
#OUT 12063 -3.14 0.00 0.00
#OUT 12068 -3.14 0.00 0.00
#OUT 12072 -3.14 0.00 0.00
#OUT 12078 -3.14 0.00 0.00
#OUT 12083 -3.14 0.00 0.00
#OUT 12088 -3.14 0.00 0.00
#OUT 12092 -3.14 0.00 0.00
#OUT 12098 -3.14 0.00 0.00
#OUT 12103 -3.14 0.00 0.00
#OUT 12108 -3.14 0.00 0.00
#OUT 12112 -3.14 0.00 0.00
#OUT 12118 -3.14 0.00 0.00
#OUT 12123 -3.14 0.00 0.00
#OUT 12128 -3.14 0.00 0.00
#OUT 12132 -3.14 0.00 0.00
#OUT 12138 -3.14 0.00 0.00
#OUT 12143 -3.14 0.00 0.00
#OUT 12148 -3.14 0.00 0.00
#OUT 12152 -3.14 0.00 0.00
#OUT 12158 -3.14 0.00 0.00
#OUT 12163 -3.14 0.00 0.00
#OUT 12168 -3.14 0.00 0.00
#OUT 12172 -3.14 0.00 0.00
#OUT 12178 -3.14 0.00 0.00
#OUT 12183 -3.14 0.00 0.00
#OUT 12188 -3.14 0.00 0.00
#OUT 12192 -3.14 0.00 0.00
#OUT 12198 -3.14 0.00 0.00
#OUT 12203 -3.14 0.00 0.00
#OUT 12208 -3.14 0.00 0.00
#OUT 12212 -3.14 0.00 0.00
#OUT 12218 -3.14 0.00 0.00
#OUT 12223 -3.14 0.00 0.00
#OUT 12228 -3.14 0.00 0.00
#OUT 12232 -3.14 0.00 0.00
#OUT 12238 -3.14 0.00 0.00
#OUT 12243 -3.14 0.00 0.00
#OUT 12248 -3.14 0.00 0.00
#OUT 12252 -3.14 0.00 0.00
#OUT 12258 -3.14 0.00 0.00
#OUT 12263 -3.14 0.00 0.00
#OUT 12268 -3.14 0.00 0.00
#OUT 12272 -3.14 0.00 0.00
#OUT 12278 -3.14 0.00 0.00
#OUT 12283 -3.14 0.00 0.00
#OUT 12288 -3.14 0.00 0.00
#OUT 12292 -3.14 0.00 0.00
#OUT 12298 -3.14 0.00 0.00
#OUT 12303 -3.14 0.00 0.00
#OUT 12308 -3.14 0.00 0.00
#OUT 12312 -3.14 0.00 0.00
#OUT 12318 -3.14 0.00 0.00
#OUT 12323 -3.14 0.00 0.00
#OUT 12328 -3.14 0.00 0.00
#OUT 12332 -3.14 0.00 0.00
#OUT 12338 -3.14 0.00 0.00
#OUT 12343 -3.14 0.00 0.00
#OUT 12348 -3.14 0.00 0.00
#OUT 12352 -3.14 0.00 0.00
#OUT 12358 -3.14 0.00 0.00
#OUT 12363 -3.14 0.00 0.00
#OUT 12368 -3.14 0.00 0.00
#OUT 12372 -3.14 0.00 0.00
#OUT 12378 -3.14 0.00 0.00
#OUT 12383 -3.14 0.00 0.00
#OUT 12388 -3.14 0.00 0.00
#OUT 12392 -3.14 0.00 0.00
#OUT 12398 -3.14 0.00 0.00
#OUT 12403 -3.14 0.00 0.00
#OUT 12408 -3.14 0.00 0.00
#OUT 12412 -3.14 0.00 0.00
#OUT 12418 -3.14 0.00 0.00
#OUT 12423 -3.14 0.00 0.00
#OUT 12428 -3.14 0.00 0.00
#OUT 12432 -3.14 0.00 0.00
#OUT 12438 -3.14 0.00 0.00
#OUT 12443 -3.14 0.00 0.00
#OUT 12448 -3.14 0.00 0.00
#OUT 12452 -3.14 0.00 0.00
#OUT 12458 -3.14 0.00 0.00
#OUT 12463 -3.14 0.00 0.00
#OUT 12468 -3.14 0.00 0.00
#OUT 12472 -3.14 0.00 0.00
#OUT 12478 -3.14 0.00 0.00
#OUT 12483 -3.14 0.00 0.00
#OUT 12488 -3.14 0.00 0.00
#OUT 12492 -3.14 0.00 0.00
#OUT 12498 -3.14 0.00 0.00
#OUT 12503 -3.14 0.00 0.00
#OUT 12508 -3.14 0.00 0.00
#OUT 12512 -3.14 0.00 0.00
#OUT 12518 -3.14 0.00 0.00
#OUT 12523 -3.14 0.00 0.00
#OUT 12528 -3.14 0.00 0.00
#OUT 12532 -3.14 0.00 0.00
#OUT 12538 -3.14 0.00 0.00
#OUT 12543 -3.14 0.00 0.00
#OUT 12548 -3.14 0.00 0.00
#OUT 12552 -3.14 0.00 0.00
#OUT 12558 -3.14 0.00 0.00
#OUT 12563 -3.14 0.00 0.00
#OUT 12568 -3.14 0.00 0.00
#OUT 12572 -3.14 0.00 0.00
#OUT 12578 -3.14 0.00 0.00
#OUT 12583 -3.14 0.00 0.00
#OUT 12588 -3.14 0.00 0.00
#OUT 12592 -3.14 0.00 0.00
#OUT 12598 -3.14 0.00 0.00
#OUT 12603 -3.14 0.00 0.00
#OUT 12608 -3.14 0.00 0.00
#OUT 12612 -3.14 0.00 0.00
#OUT 12618 -3.14 0.00 0.00
#OUT 12623 -3.14 0.00 0.00
#OUT 12628 -3.14 0.00 0.00
#OUT 12632 -3.14 0.00 0.00
#OUT 12638 -3.14 0.00 0.00
#OUT 12643 -3.14 0.00 0.00
#OUT 12648 -3.14 0.00 0.00
#OUT 12652 -3.14 0.00 0.00
#OUT 12658 -3.14 0.00 0.00
#OUT 12663 -3.14 0.00 0.00
#OUT 12668 -3.14 0.00 0.00
#OUT 12672 -3.14 0.00 0.00
#OUT 12678 -3.14 0.00 0.00
#OUT 12683 -3.14 0.00 0.00
#OUT 12688 -3.14 0.00 0.00
#OUT 12692 -3.14 0.00 0.00
#OUT 12698 -3.14 0.00 0.00
#OUT 12703 -3.14 0.00 0.00
#OUT 12708 -3.14 0.00 0.00
#OUT 12712 -3.14 0.00 0.00
#OUT 12718 -3.14 0.00 0.00
#OUT 12723 -3.14 0.00 0.00
#OUT 12728 -3.14 0.00 0.00
#OUT 12732 -3.14 0.00 0.00
#OUT 12738 -3.14 0.00 0.00
#OUT 12743 -3.14 0.00 0.00
#OUT 12748 -3.14 0.00 0.00
#OUT 12752 -3.14 0.00 0.00
#OUT 12758 -3.14 0.00 0.00
#OUT 12763 -3.14 0.00 0.00
#OUT 12768 -3.14 0.00 0.00
#OUT 12772 -3.14 0.00 0.00
#OUT 12778 -3.14 0.00 0.00
#OUT 12783 -3.14 0.00 0.00
#OUT 12788 -3.14 0.00 0.00
#OUT 12792 -3.14 0.00 0.00
#OUT 12798 -3.14 0.00 0.00
#OUT 12803 -3.14 0.00 0.00
#OUT 12808 -3.14 0.00 0.00
#OUT 12812 -3.14 0.00 0.00
#OUT 12818 -3.14 0.00 0.00
#OUT 12823 -3.14 0.00 0.00
#OUT 12828 -3.14 0.00 0.00
#OUT 12832 -3.14 0.00 0.00
#OUT 12838 -3.14 0.00 0.00
#OUT 12843 -3.14 0.00 0.00
#OUT 12848 -3.14 0.00 0.00
#OUT 12852 -3.14 0.00 0.00
#OUT 12858 -3.14 0.00 0.00
#OUT 12863 -3.14 0.00 0.00
#OUT 12868 -3.14 0.00 0.00
#OUT 12872 -3.14 0.00 0.00
#OUT 12878 -3.14 0.00 0.00
#OUT 12883 -3.14 0.00 0.00
#OUT 12888 -3.14 0.00 0.00
#OUT 12892 -3.14 0.00 0.00
#OUT 12898 -3.14 0.00 0.00
#OUT 12903 -3.14 0.00 0.00
#OUT 12908 -3.14 0.00 0.00
#OUT 12912 -3.14 0.00 0.00
#OUT 12918 -3.14 0.00 0.00
#OUT 12923 -3.14 0.00 0.00
#OUT 12928 -3.14 0.00 0.00
#OUT 12932 -3.14 0.00 0.00
#OUT 12938 -3.14 0.00 0.00
#OUT 12943 -3.14 0.00 0.00
#OUT 12948 -3.14 0.00 0.00
#OUT 12952 -3.14 0.00 0.00
#OUT 12958 -3.14 0.00 0.00
#OUT 12963 -3.14 0.00 0.00
#OUT 12968 -3.14 0.00 0.00
#OUT 12972 -3.14 0.00 0.00
#OUT 12978 -3.14 0.00 0.00
#OUT 12983 -3.14 0.00 0.00
#OUT 12988 -3.14 0.00 0.00
#OUT 12992 -3.14 0.00 0.00
#OUT 12998 -3.14 0.00 0.00
#OUT 13003 -3.14 0.00 0.00
#OUT 13008 -3.14 0.00 0.00
#OUT 13012 -3.14 0.00 0.00
#OUT 13018 -3.14 0.00 0.00
#OUT 13023 -3.14 0.00 0.00
#OUT 13028 -3.14 0.00 0.00
#OUT 13032 -3.14 0.00 0.00
#OUT 13038 -3.14 0.00 0.00
#OUT 13043 -3.14 0.00 0.00
#OUT 13048 -3.14 0.00 0.00
#OUT 13052 -3.14 0.00 0.00
#OUT 13058 -3.14 0.00 0.00
#OUT 13063 -3.14 0.00 0.00
#OUT 13068 -3.14 0.00 0.00
#OUT 13072 -3.14 0.00 0.00
#OUT 13078 -3.14 0.00 0.00
#OUT 13083 -3.14 0.00 0.00
#OUT 13088 -3.14 0.00 0.00
#OUT 13092 -3.14 0.00 0.00
#OUT 13098 -3.14 0.00 0.00
#OUT 13103 -3.14 0.00 0.00
#OUT 13108 -3.14 0.00 0.00
#OUT 13112 -3.14 0.00 0.00
#OUT 13118 -3.14 0.00 0.00
#OUT 13123 -3.14 0.00 0.00
#OUT 13128 -3.14 0.00 0.00
#OUT 13132 -3.14 0.00 0.00
#OUT 13138 -3.14 0.00 0.00
#OUT 13143 -3.14 0.00 0.00
#OUT 13148 -3.14 0.00 0.00
#OUT 13152 -3.14 0.00 0.00
#OUT 13158 -3.14 0.00 0.00
#OUT 13163 -3.14 0.00 0.00
#OUT 13168 -3.14 0.00 0.00
#OUT 13172 -3.14 0.00 0.00
#OUT 13178 -3.14 0.00 0.00
#OUT 13183 -3.14 0.00 0.00
#OUT 13188 -3.14 0.00 0.00
#OUT 13192 -3.14 0.00 0.00
#OUT 13198 -3.14 0.00 0.00
#OUT 13203 -3.14 0.00 0.00
#OUT 13208 -3.14 0.00 0.00
#OUT 13212 -3.14 0.00 0.00
#OUT 13218 -3.14 0.00 0.00
#OUT 13223 -3.14 0.00 0.00
#OUT 13228 -3.14 0.00 0.00
#OUT 13232 -3.14 0.00 0.00
#OUT 13238 -3.14 0.00 0.00
#OUT 13243 -3.14 0.00 0.00
#OUT 13248 -3.14 0.00 0.00
#OUT 13252 -3.14 0.00 0.00
#OUT 13258 -3.14 0.00 0.00
#OUT 13263 -3.14 0.00 0.00
#OUT 13268 -3.14 0.00 0.00
#OUT 13272 -3.14 0.00 0.00
#OUT 13278 -3.14 0.00 0.00
#OUT 13283 -3.14 0.00 0.00
#OUT 13288 -3.14 0.00 0.00
#OUT 13292 -3.14 0.00 0.00
#OUT 13298 -3.14 0.00 0.00
#OUT 13303 -3.14 0.00 0.00
#OUT 13308 -3.14 0.00 0.00
#OUT 13312 -3.14 0.00 0.00
#OUT 13318 -3.14 0.00 0.00
#OUT 13323 -3.14 0.00 0.00
#OUT 13328 -3.14 0.00 0.00
#OUT 13332 -3.14 0.00 0.00
#OUT 13338 -3.14 0.00 0.00
#OUT 13343 -3.14 0.00 0.00
#OUT 13348 -3.14 0.00 0.00
#OUT 13352 -3.14 0.00 0.00
#OUT 13358 -3.14 0.00 0.00
#OUT 13363 -3.14 0.00 0.00
#OUT 13368 -3.14 0.00 0.00
#OUT 13372 -3.14 0.00 0.00
#OUT 13378 -3.14 0.00 0.00
#OUT 13383 -3.14 0.00 0.00
#OUT 13388 -3.14 0.00 0.00
#OUT 13392 -3.14 0.00 0.00
#OUT 13398 -3.14 0.00 0.00
#OUT 13403 -3.14 0.00 0.00
#OUT 13408 -3.14 0.00 0.00
#OUT 13412 -3.14 0.00 0.00
#OUT 13418 -3.14 0.00 0.00
#OUT 13423 -3.14 0.00 0.00
#OUT 13428 -3.14 0.00 0.00
#OUT 13432 -3.14 0.00 0.00
#OUT 13438 -3.14 0.00 0.00
#OUT 13443 -3.14 0.00 0.00
#OUT 13448 -3.14 0.00 0.00
#OUT 13452 -3.14 0.00 0.00
#OUT 13458 -3.14 0.00 0.00
#OUT 13463 -3.14 0.00 0.00
#OUT 13468 -3.14 0.00 0.00
#OUT 13472 -3.14 0.00 0.00
#OUT 13478 -3.14 0.00 0.00
#OUT 13483 -3.14 0.00 0.00
#OUT 13488 -3.14 0.00 0.00
#OUT 13492 -3.14 0.00 0.00
#OUT 13498 -3.14 0.00 0.00
#OUT 13503 -3.14 0.00 0.00
#OUT 13508 -3.14 0.00 0.00
#OUT 13512 -3.14 0.00 0.00
#OUT 13518 -3.14 0.00 0.00
#OUT 13523 -3.14 0.00 0.00
#OUT 13528 -3.14 0.00 0.00
#OUT 13532 -3.14 0.00 0.00
#OUT 13538 -3.14 0.00 0.00
#OUT 13543 -3.14 0.00 0.00
#OUT 13548 -3.14 0.00 0.00
#OUT 13552 -3.14 0.00 0.00
#OUT 13558 -3.14 0.00 0.00
#OUT 13563 -3.14 0.00 0.00
#OUT 13568 -3.14 0.00 0.00
#OUT 13572 -3.14 0.00 0.00
#OUT 13578 -3.14 0.00 0.00
#OUT 13583 -3.14 0.00 0.00
#OUT 13588 -3.14 0.00 0.00
#OUT 13592 -3.14 0.00 0.00
#OUT 13598 -3.14 0.00 0.00
#OUT 13603 -3.14 0.00 0.00
#OUT 13608 -3.14 0.00 0.00
#OUT 13612 -3.14 0.00 0.00
#OUT 13618 -3.14 0.00 0.00
#OUT 13623 -3.14 0.00 0.00
#OUT 13628 -3.14 0.00 0.00
#OUT 13632 -3.14 0.00 0.00
#OUT 13638 -3.14 0.00 0.00
#OUT 13643 -3.14 0.00 0.00
#OUT 13648 -3.14 0.00 0.00
#OUT 13652 -3.14 0.00 0.00
#OUT 13658 -3.14 0.00 0.00
#OUT 13663 -3.14 0.00 0.00
#OUT 13668 -3.14 0.00 0.00
#OUT 13672 -3.14 0.00 0.00
#OUT 13678 -3.14 0.00 0.00
#OUT 13683 -3.14 0.00 0.00
#OUT 13688 -3.14 0.00 0.00
#OUT 13692 -3.14 0.00 0.00
#OUT 13698 -3.14 0.00 0.00
#OUT 13703 -3.14 0.00 0.00
#OUT 13708 -3.14 0.00 0.00
#OUT 13712 -3.14 0.00 0.00
#OUT 13718 -3.14 0.00 0.00
#OUT 13723 -3.14 0.00 0.00
#OUT 13728 -3.14 0.00 0.00
#OUT 13732 -3.14 0.00 0.00
#OUT 13738 -3.14 0.00 0.00
#OUT 13743 -3.14 0.00 0.00
#OUT 13748 -3.14 0.00 0.00
#OUT 13752 -3.14 0.00 0.00
#OUT 13758 -3.14 0.00 0.00
#OUT 13763 -3.14 0.00 0.00
#OUT 13768 -3.14 0.00 0.00
#OUT 13772 -3.14 0.00 0.00
#OUT 13778 -3.14 0.00 0.00
#OUT 13783 -3.14 0.00 0.00
#OUT 13788 -3.14 0.00 0.00
#OUT 13792 -3.14 0.00 0.00
#OUT 13798 -3.14 0.00 0.00
#OUT 13803 -3.14 0.00 0.00
#OUT 13808 -3.14 0.00 0.00
#OUT 13812 -3.14 0.00 0.00
#OUT 13818 -3.14 0.00 0.00
#OUT 13823 -3.14 0.00 0.00
#OUT 13828 -3.14 0.00 0.00
#OUT 13832 -3.14 0.00 0.00
#OUT 13838 -3.14 0.00 0.00
#OUT 13843 -3.14 0.00 0.00
#OUT 13848 -3.14 0.00 0.00
#OUT 13852 -3.14 0.00 0.00
#OUT 13858 -3.14 0.00 0.00
#OUT 13863 -3.14 0.00 0.00
#OUT 13868 -3.14 0.00 0.00
#OUT 13872 -3.14 0.00 0.00
#OUT 13878 -3.14 0.00 0.00
#OUT 13883 -3.14 0.00 0.00
#OUT 13888 -3.14 0.00 0.00
#OUT 13892 -3.14 0.00 0.00
#OUT 13898 -3.14 0.00 0.00
#OUT 13903 -3.14 0.00 0.00
#OUT 13908 -3.14 0.00 0.00
#OUT 13912 -3.14 0.00 0.00
#OUT 13918 -3.14 0.00 0.00
#OUT 13923 -3.14 0.00 0.00
#OUT 13928 -3.14 0.00 0.00
#OUT 13932 -3.14 0.00 0.00
#OUT 13938 -3.14 0.00 0.00
#OUT 13943 -3.14 0.00 0.00
#OUT 13948 -3.14 0.00 0.00
#OUT 13952 -3.14 0.00 0.00
#OUT 13958 -3.14 0.00 0.00
#OUT 13963 -3.14 0.00 0.00
#OUT 13968 -3.14 0.00 0.00
#OUT 13972 -3.14 0.00 0.00
#OUT 13978 -3.14 0.00 0.00
#OUT 13983 -3.14 0.00 0.00
#OUT 13988 -3.14 0.00 0.00
#OUT 13992 -3.14 0.00 0.00
#OUT 13998 -3.14 0.00 0.00
#OUT 14003 -3.14 0.00 0.00
#OUT 14008 -3.14 0.00 0.00
#OUT 14012 -3.14 0.00 0.00
#OUT 14018 -3.14 0.00 0.00
#OUT 14023 -3.14 0.00 0.00
#OUT 14028 -3.14 0.00 0.00
#OUT 14032 -3.14 0.00 0.00
#OUT 14038 -3.14 0.00 0.00
#OUT 14043 -3.14 0.00 0.00
#OUT 14048 -3.14 0.00 0.00
#OUT 14052 -3.14 0.00 0.00
#OUT 14058 -3.14 0.00 0.00
#OUT 14063 -3.14 0.00 0.00
#OUT 14068 -3.14 0.00 0.00
#OUT 14072 -3.14 0.00 0.00
#OUT 14078 -3.14 0.00 0.00
#OUT 14083 -3.14 0.00 0.00
#OUT 14088 -3.14 0.00 0.00
#OUT 14092 -3.14 0.00 0.00
#OUT 14098 -3.14 0.00 0.00
#OUT 14103 -3.14 0.00 0.00
#OUT 14108 -3.14 0.00 0.00
#OUT 14112 -3.14 0.00 0.00
#OUT 14118 -3.14 0.00 0.00
#OUT 14123 -3.14 0.00 0.00
#OUT 14128 -3.14 0.00 0.00
#OUT 14132 -3.14 0.00 0.00
#OUT 14138 -3.14 0.00 0.00
#OUT 14143 -3.14 0.00 0.00
#OUT 14148 -3.14 0.00 0.00
#OUT 14152 -3.14 0.00 0.00
#OUT 14158 -3.14 0.00 0.00
#OUT 14163 -3.14 0.00 0.00
#OUT 14168 -3.14 0.00 0.00
#OUT 14172 -3.14 0.00 0.00
#OUT 14178 -3.14 0.00 0.00
#OUT 14183 -3.14 0.00 0.00
#OUT 14188 -3.14 0.00 0.00
#OUT 14192 -3.14 0.00 0.00
#OUT 14198 -3.14 0.00 0.00
#OUT 14203 -3.14 0.00 0.00
#OUT 14208 -3.14 0.00 0.00
#OUT 14212 -3.14 0.00 0.00
#OUT 14218 -3.14 0.00 0.00
#OUT 14223 -3.14 0.00 0.00
#OUT 14228 -3.14 0.00 0.00
#OUT 14232 -3.14 0.00 0.00
#OUT 14238 -3.14 0.00 0.00
#OUT 14243 -3.14 0.00 0.00
#OUT 14248 -3.14 0.00 0.00
#OUT 14252 -3.14 0.00 0.00
#OUT 14258 -3.14 0.00 0.00
#OUT 14263 -3.14 0.00 0.00
#OUT 14268 -3.14 0.00 0.00
#OUT 14272 -3.14 0.00 0.00
#OUT 14278 -3.14 0.00 0.00
#OUT 14283 -3.14 0.00 0.00
#OUT 14288 -3.14 0.00 0.00
#OUT 14292 -3.14 0.00 0.00
#OUT 14298 -3.14 0.00 0.00
#OUT 14303 -3.14 0.00 0.00
#OUT 14308 -3.14 0.00 0.00
#OUT 14312 -3.14 0.00 0.00
#OUT 14318 -3.14 0.00 0.00
#OUT 14323 -3.14 0.00 0.00
#OUT 14328 -3.14 0.00 0.00
#OUT 14332 -3.14 0.00 0.00
#OUT 14338 -3.14 0.00 0.00
#OUT 14343 -3.14 0.00 0.00
#OUT 14348 -3.14 0.00 0.00
#OUT 14352 -3.14 0.00 0.00
#OUT 14358 -3.14 0.00 0.00
#OUT 14363 -3.14 0.00 0.00
#OUT 14368 -3.14 0.00 0.00
#OUT 14372 -3.14 0.00 0.00
#OUT 14378 -3.14 0.00 0.00
#OUT 14383 -3.14 0.00 0.00
#OUT 14388 -3.14 0.00 0.00
#OUT 14392 -3.14 0.00 0.00
#OUT 14398 -3.14 0.00 0.00
#OUT 14403 -3.14 0.00 0.00
#OUT 14408 -3.14 0.00 0.00
#OUT 14412 -3.14 0.00 0.00
#OUT 14418 -3.14 0.00 0.00
#OUT 14423 -3.14 0.00 0.00
#OUT 14428 -3.14 0.00 0.00
#OUT 14432 -3.14 0.00 0.00
#OUT 14438 -3.14 0.00 0.00
#OUT 14443 -3.14 0.00 0.00
#OUT 14448 -3.14 0.00 0.00
#OUT 14452 -3.14 0.00 0.00
#OUT 14458 -3.14 0.00 0.00
#OUT 14463 -3.14 0.00 0.00
#OUT 14468 -3.14 0.00 0.00
#OUT 14472 -3.14 0.00 0.00
#OUT 14478 -3.14 0.00 0.00
#OUT 14483 -3.14 0.00 0.00
#OUT 14488 -3.14 0.00 0.00
#OUT 14492 -3.14 0.00 0.00
#OUT 14498 -3.14 0.00 0.00
#OUT 14503 -3.14 0.00 0.00
#OUT 14508 -3.14 0.00 0.00
#OUT 14512 -3.14 0.00 0.00
#OUT 14518 -3.14 0.00 0.00
#OUT 14523 -3.14 0.00 0.00
#OUT 14528 -3.14 0.00 0.00
#OUT 14532 -3.14 0.00 0.00
#OUT 14538 -3.14 0.00 0.00
#OUT 14543 -3.14 0.00 0.00
#OUT 14548 -3.14 0.00 0.00
#OUT 14552 -3.14 0.00 0.00
#OUT 14558 -3.14 0.00 0.00
#OUT 14563 -3.14 0.00 0.00
#OUT 14568 -3.14 0.00 0.00
#OUT 14572 -3.14 0.00 0.00
#OUT 14578 -3.14 0.00 0.00
#OUT 14583 -3.14 0.00 0.00
#OUT 14588 -3.14 0.00 0.00
#OUT 14592 -3.14 0.00 0.00
#OUT 14598 -3.14 0.00 0.00
#OUT 14603 -3.14 0.00 0.00
#OUT 14608 -3.14 0.00 0.00
#OUT 14612 -3.14 0.00 0.00
#OUT 14618 -3.14 0.00 0.00
#OUT 14623 -3.14 0.00 0.00
#OUT 14628 -3.14 0.00 0.00
#OUT 14632 -3.14 0.00 0.00
#OUT 14638 -3.14 0.00 0.00
#OUT 14643 -3.14 0.00 0.00
#OUT 14648 -3.14 0.00 0.00
#OUT 14652 -3.14 0.00 0.00
#OUT 14658 -3.14 0.00 0.00
#OUT 14663 -3.14 0.00 0.00
#OUT 14668 -3.14 0.00 0.00
#OUT 14672 -3.14 0.00 0.00
#OUT 14678 -3.14 0.00 0.00
#OUT 14683 -3.14 0.00 0.00
#OUT 14688 -3.14 0.00 0.00
#OUT 14692 -3.14 0.00 0.00
#OUT 14698 -3.14 0.00 0.00
#OUT 14703 -3.14 0.00 0.00
#OUT 14708 -3.14 0.00 0.00
#OUT 14712 -3.14 0.00 0.00
#OUT 14718 -3.14 0.00 0.00
#OUT 14723 -3.14 0.00 0.00
#OUT 14728 -3.14 0.00 0.00
#OUT 14732 -3.14 0.00 0.00
#OUT 14738 -3.14 0.00 0.00
#OUT 14743 -3.14 0.00 0.00
#OUT 14748 -3.14 0.00 0.00
#OUT 14752 -3.14 0.00 0.00
#OUT 14758 -3.14 0.00 0.00
#OUT 14763 -3.14 0.00 0.00
#OUT 14768 -3.14 0.00 0.00
#OUT 14772 -3.14 0.00 0.00
#OUT 14778 -3.14 0.00 0.00
#OUT 14783 -3.14 0.00 0.00
#OUT 14788 -3.14 0.00 0.00
#OUT 14792 -3.14 0.00 0.00
#OUT 14798 -3.14 0.00 0.00
#OUT 14803 -3.14 0.00 0.00
#OUT 14808 -3.14 0.00 0.00
#OUT 14812 -3.14 0.00 0.00
#OUT 14818 -3.14 0.00 0.00
#OUT 14823 -3.14 0.00 0.00
#OUT 14828 -3.14 0.00 0.00
#OUT 14832 -3.14 0.00 0.00
#OUT 14838 -3.14 0.00 0.00
#OUT 14843 -3.14 0.00 0.00
#OUT 14848 -3.14 0.00 0.00
#OUT 14852 -3.14 0.00 0.00
#OUT 14858 -3.14 0.00 0.00
#OUT 14863 -3.14 0.00 0.00
#OUT 14868 -3.14 0.00 0.00
#OUT 14872 -3.14 0.00 0.00
#OUT 14878 -3.14 0.00 0.00
#OUT 14883 -3.14 0.00 0.00
#OUT 14888 -3.14 0.00 0.00
#OUT 14892 -3.14 0.00 0.00
#OUT 14898 -3.14 0.00 0.00
#OUT 14903 -3.14 0.00 0.00
#OUT 14908 -3.14 0.00 0.00
#OUT 14912 -3.14 0.00 0.00
#OUT 14918 -3.14 0.00 0.00
#OUT 14923 -3.14 0.00 0.00
#OUT 14928 -3.14 0.00 0.00
#OUT 14932 -3.14 0.00 0.00
#OUT 14938 -3.14 0.00 0.00
#OUT 14943 -3.14 0.00 0.00
#OUT 14948 -3.14 0.00 0.00
#OUT 14952 -3.14 0.00 0.00
#OUT 14958 -3.14 0.00 0.00
#OUT 14963 -3.14 0.00 0.00
#OUT 14968 -3.14 0.00 0.00
#OUT 14972 -3.14 0.00 0.00
#OUT 14978 -3.14 0.00 0.00
#OUT 14983 -3.14 0.00 0.00
#OUT 14988 -3.14 0.00 0.00
#OUT 14992 -3.14 0.00 0.00
#OUT 14998 -3.14 0.00 0.00
#OUT 15003 -3.14 0.00 0.00
#OUT 15008 -3.14 0.00 0.00
#OUT 15012 -3.14 0.00 0.00
#OUT 15018 -3.14 0.00 0.00
#OUT 15023 -3.14 0.00 0.00
#OUT 15028 -3.14 0.00 0.00
#OUT 15032 -3.14 0.00 0.00
#OUT 15038 -3.14 0.00 0.00
#OUT 15043 -3.14 0.00 0.00
#OUT 15048 -3.14 0.00 0.00
#OUT 15052 -3.14 0.00 0.00
#OUT 15058 -3.14 0.00 0.00
#OUT 15063 -3.14 0.00 0.00
#OUT 15068 -3.14 0.00 0.00
#OUT 15072 -3.14 0.00 0.00
#OUT 15078 -3.14 0.00 0.00
#OUT 15083 -3.14 0.00 0.00
#OUT 15088 -3.14 0.00 0.00
#OUT 15092 -3.14 0.00 0.00
#OUT 15098 -3.14 0.00 0.00
#OUT 15103 -3.14 0.00 0.00
#OUT 15108 -3.14 0.00 0.00
#OUT 15112 -3.14 0.00 0.00
#OUT 15118 -3.14 0.00 0.00
#OUT 15123 -3.14 0.00 0.00
#OUT 15128 -3.14 0.00 0.00
#OUT 15132 -3.14 0.00 0.00
#OUT 15138 -3.14 0.00 0.00
#OUT 15143 -3.14 0.00 0.00
#OUT 15148 -3.14 0.00 0.00
#OUT 15152 -3.14 0.00 0.00
#OUT 15158 -3.14 0.00 0.00
#OUT 15163 -3.14 0.00 0.00
#OUT 15168 -3.14 0.00 0.00
#OUT 15172 -3.14 0.00 0.00
#OUT 15178 -3.14 0.00 0.00
#OUT 15183 -3.14 0.00 0.00
#OUT 15188 -3.14 0.00 0.00
#OUT 15192 -3.14 0.00 0.00
#OUT 15198 -3.14 0.00 0.00
#OUT 15203 -3.14 0.00 0.00
#OUT 15208 -3.14 0.00 0.00
#OUT 15212 -3.14 0.00 0.00
#OUT 15218 -3.14 0.00 0.00
#OUT 15223 -3.14 0.00 0.00
#OUT 15228 -3.14 0.00 0.00
#OUT 15232 -3.14 0.00 0.00
#OUT 15238 -3.14 0.00 0.00
#OUT 15243 -3.14 0.00 0.00
#OUT 15248 -3.14 0.00 0.00
#OUT 15252 -3.14 0.00 0.00
#OUT 15258 -3.14 0.00 0.00
#OUT 15263 -3.14 0.00 0.00
#OUT 15268 -3.14 0.00 0.00
#OUT 15272 -3.14 0.00 0.00
#OUT 15278 -3.14 0.00 0.00
#OUT 15283 -3.14 0.00 0.00
#OUT 15288 -3.14 0.00 0.00
#OUT 15292 -3.14 0.00 0.00
#OUT 15298 -3.14 0.00 0.00
#OUT 15303 -3.14 0.00 0.00
#OUT 15308 -3.14 0.00 0.00
#OUT 15312 -3.14 0.00 0.00
#OUT 15318 -3.14 0.00 0.00
#OUT 15323 -3.14 0.00 0.00
#OUT 15328 -3.14 0.00 0.00
#OUT 15332 -3.14 0.00 0.00
#OUT 15338 -3.14 0.00 0.00
#OUT 15343 -3.14 0.00 0.00
#OUT 15348 -3.14 0.00 0.00
#OUT 15352 -3.14 0.00 0.00
#OUT 15358 -3.14 0.00 0.00
#OUT 15363 -3.14 0.00 0.00
#OUT 15368 -3.14 0.00 0.00
#OUT 15372 -3.14 0.00 0.00
#OUT 15378 -3.14 0.00 0.00
#OUT 15383 -3.14 0.00 0.00
#OUT 15388 -3.14 0.00 0.00
#OUT 15392 -3.14 0.00 0.00
#OUT 15398 -3.14 0.00 0.00
#OUT 15403 -3.14 0.00 0.00
#OUT 15408 -3.14 0.00 0.00
#OUT 15412 -3.14 0.00 0.00
#OUT 15418 3.14 0.00 0.00
#OUT 15423 3.14 0.00 0.00
#OUT 15428 3.14 0.00 0.00
#OUT 15432 3.14 0.00 0.00
#OUT 15438 3.14 0.00 0.00
#OUT 15443 3.14 0.00 0.00
#OUT 15448 3.14 0.00 0.00
#OUT 15452 3.14 0.00 0.00
#OUT 15458 3.14 0.00 0.00
#OUT 15463 3.14 0.00 0.00
#OUT 15468 3.14 -1.53 0.00
#OUT 15472 3.14 0.00 0.00
#OUT 15478 3.14 0.00 0.00
#OUT 15483 3.14 0.00 0.00
#OUT 15488 3.13 -1.53 0.00
#OUT 15492 3.13 -1.53 0.00
#OUT 15498 3.13 0.00 0.00
#OUT 15503 3.14 0.00 0.00
#OUT 15508 3.14 0.00 0.00
#OUT 15512 3.14 0.00 0.00
#OUT 15518 3.14 0.00 0.00
#OUT 15523 3.14 0.00 0.00
#OUT 15528 3.14 0.00 0.00
#OUT 15532 3.14 0.00 0.00
#OUT 15538 3.14 0.00 0.00
#OUT 15543 3.14 0.00 0.00
#OUT 15548 -3.14 0.00 0.00
#OUT 15552 -3.14 0.00 0.00
#OUT 15558 -3.14 1.53 0.00
#OUT 15563 -3.14 1.53 0.00
#OUT 15568 -3.14 0.00 0.00
#OUT 15572 -3.13 1.53 0.00
#OUT 15578 -3.13 0.00 0.00
#OUT 15583 -3.13 0.00 0.00
#OUT 15588 -3.12 1.53 0.00
#OUT 15592 -3.12 1.53 0.00
#OUT 15598 -3.12 0.00 0.00
#OUT 15603 -3.11 1.53 0.00
#OUT 15608 -3.11 1.53 0.00
#OUT 15612 -3.10 1.53 0.00
#OUT 15618 -3.10 1.53 0.00
#OUT 15623 -3.09 0.00 0.00
#OUT 15628 -3.08 0.00 0.00
#OUT 15632 -3.07 1.53 0.00
#OUT 15638 -3.06 1.53 0.00
#OUT 15643 -3.06 1.53 0.00
#OUT 15648 -3.04 3.07 0.00
#OUT 15652 -3.04 1.53 0.00
#OUT 15658 -3.03 3.07 0.00
#OUT 15663 -3.01 3.07 0.00
#OUT 15668 -3.00 1.53 0.00
#OUT 15672 -2.99 1.53 0.00
#OUT 15678 -2.97 3.07 0.00
#OUT 15683 -2.96 3.07 0.00
#OUT 15688 -2.95 3.07 0.00
#OUT 15692 -2.93 3.07 0.00
#OUT 15698 -2.92 3.07 0.00
#OUT 15703 -2.90 3.07 0.00
#OUT 15708 -2.88 3.07 0.00
#OUT 15712 -2.87 3.07 0.00
#OUT 15718 -2.85 3.07 0.00
#OUT 15723 -2.83 3.07 0.00
#OUT 15728 -2.82 3.07 0.00
#OUT 15732 -2.80 3.07 0.00
#OUT 15738 -2.78 3.07 0.00
#OUT 15743 -2.77 3.07 0.00
#OUT 15748 -2.75 3.07 0.00
#OUT 15752 -2.74 3.07 0.00
#OUT 15758 -2.72 3.07 0.00
#OUT 15763 -2.70 3.07 0.00
#OUT 15768 -2.68 3.07 0.00
#OUT 15772 -2.67 3.07 0.00
#OUT 15778 -2.66 1.53 0.00
#OUT 15783 -2.64 3.07 0.00
#OUT 15788 -2.62 3.07 0.00
#OUT 15792 -2.61 3.07 0.00
#OUT 15798 -2.60 3.07 0.00
#OUT 15803 -2.58 3.07 0.00
#OUT 15808 -2.57 3.07 0.00
#OUT 15812 -2.56 1.53 0.00
#OUT 15818 -2.54 3.07 0.00
#OUT 15823 -2.53 3.07 0.00
#OUT 15828 -2.52 1.53 0.00
#OUT 15832 -2.51 1.53 0.00
#OUT 15838 -2.50 1.53 0.00
#OUT 15843 -2.49 1.53 0.00
#OUT 15848 -2.48 1.53 0.00
#OUT 15852 -2.47 1.53 0.00
#OUT 15858 -2.46 1.53 0.00
#OUT 15863 -2.46 1.53 0.00
#OUT 15868 -2.45 0.00 0.00
#OUT 15872 -2.44 1.53 0.00
#OUT 15878 -2.44 0.00 0.00
#OUT 15883 -2.43 1.53 0.00
#OUT 15888 -2.42 1.53 0.00
#OUT 15892 -2.42 1.53 0.00
#OUT 15898 -2.42 1.53 0.00
#OUT 15903 -2.41 1.53 0.00
#OUT 15908 -2.41 1.53 0.00
#OUT 15912 -2.41 0.00 0.00
#OUT 15918 -2.41 0.00 0.00
#OUT 15923 -2.41 0.00 0.00
#OUT 15928 -2.41 0.00 0.00
#OUT 15932 -2.41 0.00 0.00
#OUT 15938 -2.41 0.00 0.00
#OUT 15943 -2.42 0.00 0.00
#OUT 15948 -2.42 -1.53 0.00
#OUT 15952 -2.43 0.00 0.00
#OUT 15958 -2.44 -1.53 0.00
#OUT 15963 -2.45 -1.53 0.00
#OUT 15968 -2.46 -3.07 0.00
#OUT 15972 -2.47 -3.07 0.00
#OUT 15978 -2.48 -3.07 0.00
#OUT 15983 -2.50 -3.07 0.00
#OUT 15988 -2.51 -3.07 0.00
#OUT 15992 -2.53 -3.07 0.00
#OUT 15998 -2.55 -3.07 0.00
#OUT 16003 -2.57 -3.07 0.00
#OUT 16008 -2.60 -4.60 0.00
#OUT 16012 -2.62 -4.60 0.00
#OUT 16018 -2.64 -6.14 0.00
#OUT 16023 -2.67 -6.14 0.00
#OUT 16028 -2.70 -4.60 0.00
#OUT 16032 -2.72 -6.14 0.00
#OUT 16038 -2.75 -6.14 0.00
#OUT 16043 -2.78 -6.14 0.00
#OUT 16048 -2.82 -6.14 0.00
#OUT 16052 -2.85 -7.67 0.00
#OUT 16058 -2.88 -6.14 0.00
#OUT 16063 -2.91 -7.67 0.00
#OUT 16068 -2.95 -7.67 0.00
#OUT 16072 -2.98 -6.14 0.00
#OUT 16078 -3.02 -7.67 0.00
#OUT 16083 -3.05 -6.14 0.00
#OUT 16088 -3.09 -6.14 0.00
#OUT 16092 -3.12 -6.14 0.00
#OUT 16098 3.13 -6.14 0.00
#OUT 16103 3.09 -7.67 0.00
#OUT 16108 3.06 -7.67 0.00
#OUT 16112 3.03 -6.14 0.00
#OUT 16118 2.99 -7.67 0.00
#OUT 16123 2.96 -6.14 0.00
#OUT 16128 2.93 -6.14 0.00
#OUT 16132 2.90 -7.67 0.00
#OUT 16138 2.87 -6.14 0.00
#OUT 16143 2.83 -6.14 0.00
#OUT 16148 2.80 -6.14 0.00
#OUT 16152 2.78 -6.14 0.00
#OUT 16158 2.75 -4.60 0.00
#OUT 16163 2.72 -4.60 0.00
#OUT 16168 2.70 -4.60 0.00
#OUT 16172 2.68 -4.60 0.00
#OUT 16178 2.65 -4.60 0.00
#OUT 16183 2.63 -4.60 0.00
#OUT 16188 2.61 -3.07 0.00
#OUT 16192 2.60 -3.07 0.00
#OUT 16198 2.58 -3.07 0.00
#OUT 16203 2.56 -3.07 0.00
#OUT 16208 2.55 -3.07 0.00
#OUT 16212 2.54 -1.53 0.00
#OUT 16218 2.52 -1.53 0.00
#OUT 16223 2.51 -3.07 0.00
#OUT 16228 2.51 -1.53 0.00
#OUT 16232 2.50 -1.53 0.00
#OUT 16238 2.50 0.00 0.00
#OUT 16243 2.49 0.00 0.00
#OUT 16248 2.49 0.00 0.00
#OUT 16252 2.49 0.00 0.00
#OUT 16258 2.50 0.00 0.00
#OUT 16263 2.50 1.53 0.00
#OUT 16268 2.50 1.53 0.00
#OUT 16272 2.51 1.53 0.00
#OUT 16278 2.52 1.53 0.00
#OUT 16283 2.52 1.53 0.00
#OUT 16288 2.53 3.07 0.00
#OUT 16292 2.54 1.53 0.00
#OUT 16298 2.55 3.07 0.00
#OUT 16303 2.57 3.07 0.00
#OUT 16308 2.58 3.07 0.00
#OUT 16312 2.59 3.07 0.00
#OUT 16318 2.61 4.60 0.00
#OUT 16323 2.63 3.07 0.00
#OUT 16328 2.64 4.60 0.00
#OUT 16332 2.66 3.07 0.00
#OUT 16338 2.68 3.07 0.00
#OUT 16343 2.70 4.60 0.00
#OUT 16348 2.72 4.60 0.00
#OUT 16352 2.74 4.60 0.00
#OUT 16358 2.76 4.60 0.00
#OUT 16363 2.79 4.60 0.00
#OUT 16368 2.81 4.60 0.00
#OUT 16372 2.83 4.60 0.00
#OUT 16378 2.86 4.60 0.00
#OUT 16383 2.88 4.60 0.00
#OUT 16388 -2.98 -5885.88 0.00
#OUT 16392 2.93 4.60 0.00
#OUT 16398 2.96 6.14 0.00
#OUT 16403 2.99 4.60 0.00
#OUT 16408 3.02 4.60 0.00
#OUT 16412 3.05 6.14 0.00
#OUT 16418 3.08 4.60 0.00
#OUT 16423 3.11 6.14 0.00
#OUT 16428 3.14 4.60 0.00
#OUT 16432 -3.12 6.14 0.00
#OUT 16438 -3.09 6.14 0.00
#OUT 16443 -3.06 6.14 0.00
#OUT 16448 -3.03 6.14 0.00
#OUT 16452 -3.00 6.14 0.00
#OUT 16458 -2.97 7.67 0.00
#OUT 16463 -2.94 6.14 0.00
#OUT 16468 -2.91 4.60 0.00
#OUT 16472 -2.88 6.14 0.00
#OUT 16478 -2.85 6.14 0.00
#OUT 16483 -2.82 6.14 0.00
#OUT 16488 -2.79 6.14 0.00
#OUT 16492 -2.76 6.14 0.00
#OUT 16498 -2.74 6.14 0.00
#OUT 16503 -2.71 4.60 0.00
#OUT 16508 -2.68 4.60 0.00
#OUT 16512 -2.66 6.14 0.00
#OUT 16518 -2.63 4.60 0.00
#OUT 16523 -2.60 4.60 0.00
#OUT 16528 -2.58 4.60 0.00
#OUT 16532 -2.56 4.60 0.00
#OUT 16538 -2.54 4.60 0.00
#OUT 16543 -2.51 4.60 0.00
#OUT 16548 -2.49 4.60 0.00
#OUT 16552 -2.48 4.60 0.00
#OUT 16558 -2.46 4.60 0.00
#OUT 16563 -2.44 3.07 0.00
#OUT 16568 -2.42 3.07 0.00
#OUT 16572 -2.41 3.07 0.00
#OUT 16578 -2.39 3.07 0.00
#OUT 16583 -2.38 3.07 0.00
#OUT 16588 -2.37 3.07 0.00
#OUT 16592 -2.36 3.07 0.00
#OUT 16598 -2.35 1.53 0.00
#OUT 16603 -2.34 1.53 0.00
#OUT 16608 -2.33 1.53 0.00
#OUT 16612 -2.33 1.53 0.00
#OUT 16618 -2.32 0.00 0.00
#OUT 16623 -2.32 0.00 0.00
#OUT 16628 -2.32 0.00 0.00
#OUT 16632 -2.32 0.00 0.00
#OUT 16638 -2.32 0.00 0.00
#OUT 16643 -2.33 -1.53 0.00
#OUT 16648 -2.33 0.00 0.00
#OUT 16652 -2.34 -3.07 0.00
#OUT 16658 -2.35 -1.53 0.00
#OUT 16663 -2.36 -1.53 0.00
#OUT 16668 -2.37 -3.07 0.00
#OUT 16672 -2.38 -3.07 0.00
#OUT 16678 -2.40 -4.60 0.00
#OUT 16683 -2.42 -3.07 0.00
#OUT 16688 -2.44 -3.07 0.00
#OUT 16692 -2.45 -3.07 0.00
#OUT 16698 -2.48 -3.07 0.00
#OUT 16703 -2.50 -4.60 0.00
#OUT 16708 -2.53 -6.14 0.00
#OUT 16712 -2.55 -6.14 0.00
#OUT 16718 -2.98 -398.83 0.00
#OUT 16723 -2.62 -4.60 0.00
#OUT 16728 -2.65 -6.14 0.00
#OUT 16732 -2.68 -7.67 0.00
#OUT 16738 -2.72 -7.67 0.00
#OUT 16743 -2.75 -6.14 0.00
#OUT 16748 -2.79 -7.67 0.00
#OUT 16752 -2.82 -6.14 0.00
#OUT 16758 -2.87 -9.20 0.00
#OUT 16763 -2.91 -7.67 0.00
#OUT 16768 -2.95 -9.20 0.00
#OUT 16772 -2.99 -9.20 0.00
#OUT 16778 -3.03 -7.67 0.00
#OUT 16783 -3.08 -7.67 0.00
#OUT 16788 -3.12 -9.20 0.00
#OUT 16792 3.12 -7.67 0.00
#OUT 16798 3.08 -7.67 0.00
#OUT 16803 3.03 -9.20 0.00
#OUT 16808 2.99 -7.67 0.00
#OUT 16812 2.95 -7.67 0.00
#OUT 16818 2.90 -9.20 0.00
#OUT 16823 2.86 -9.20 0.00
#OUT 16828 2.81 -7.67 0.00
#OUT 16832 2.78 -9.20 0.00
#OUT 16838 2.74 -7.67 0.00
#OUT 16843 2.69 -7.67 0.00
#OUT 16848 2.65 -7.67 0.00
#OUT 16852 2.62 -6.14 0.00
#OUT 16858 2.58 -7.67 0.00
#OUT 16863 2.54 -6.14 0.00
#OUT 16868 2.51 -6.14 0.00
#OUT 16872 2.48 -6.14 0.00
#OUT 16878 2.45 -6.14 0.00
#OUT 16883 2.41 -6.14 0.00
#OUT 16888 2.38 -6.14 0.00
#OUT 16892 2.36 -4.60 0.00
#OUT 16898 2.34 -4.60 0.00
#OUT 16903 2.32 -3.07 0.00
#OUT 16908 2.31 -1.53 0.00
#OUT 16912 2.30 -1.53 0.00
#OUT 16918 2.30 -1.53 0.00
#OUT 16923 2.30 1.53 0.00
#OUT 16928 2.30 0.00 0.00
#OUT 16932 2.31 1.53 0.00
#OUT 16938 2.31 0.00 0.00
#OUT 16943 2.32 1.53 0.00
#OUT 16948 2.33 3.07 0.00
#OUT 16952 2.34 1.53 0.00
#OUT 16958 2.35 3.07 0.00
#OUT 16963 2.37 3.07 0.00
#OUT 16968 2.39 3.07 0.00
#OUT 16972 2.40 3.07 0.00
#OUT 16978 2.42 4.60 0.00
#OUT 16983 2.44 4.60 0.00
#OUT 16988 2.46 4.60 0.00
#OUT 16992 2.48 4.60 0.00
#OUT 16998 2.51 4.60 0.00
#OUT 17003 2.54 6.14 0.00
#OUT 17008 2.56 6.14 0.00
#OUT 17012 2.59 4.60 0.00
#OUT 17018 2.62 7.67 0.00
#OUT 17023 2.66 6.14 0.00
#OUT 17028 2.69 6.14 0.00
#OUT 17032 2.72 7.67 0.00
#OUT 17038 2.76 7.67 0.00
#OUT 17043 2.80 7.67 0.00
#OUT 17048 2.85 7.67 0.00
#OUT 17052 2.88 9.20 0.00
#OUT 17058 2.93 7.67 0.00
#OUT 17063 2.97 9.20 0.00
#OUT 17068 3.02 9.20 0.00
#OUT 17072 3.06 9.20 0.00
#OUT 17078 3.11 9.20 0.00
#OUT 17083 -3.12 7.67 0.00
#OUT 17088 -3.07 10.74 0.00
#OUT 17092 -3.03 9.20 0.00
#OUT 17098 -2.59 403.44 0.00
#OUT 17103 -2.93 10.74 0.00
#OUT 17108 -2.88 9.20 0.00
#OUT 17112 -2.84 9.20 0.00
#OUT 17118 -2.79 10.74 0.00
#OUT 17123 -2.74 9.20 0.00
#OUT 17128 -2.69 9.20 0.00
#OUT 17132 -2.65 9.20 0.00
#OUT 17138 -2.60 9.20 0.00
#OUT 17143 -2.56 7.67 0.00
#OUT 17148 -2.51 7.67 0.00
#OUT 17152 -2.48 7.67 0.00
#OUT 17158 -2.44 7.67 0.00
#OUT 17163 -2.40 7.67 0.00
#OUT 17168 -2.36 7.67 0.00
#OUT 17172 -2.33 6.14 0.00
#OUT 17178 -2.29 6.14 0.00
#OUT 17183 -2.26 6.14 0.00
#OUT 17188 -2.23 4.60 0.00
#OUT 17192 -2.21 6.14 0.00
#OUT 17198 -2.18 4.60 0.00
#OUT 17203 -2.16 4.60 0.00
#OUT 17208 -2.14 4.60 0.00
#OUT 17212 -2.12 3.07 0.00
#OUT 17218 -2.11 3.07 0.00
#OUT 17223 -2.09 3.07 0.00
#OUT 17228 -2.08 3.07 0.00
#OUT 17232 -2.08 1.53 0.00
#OUT 17238 -2.07 1.53 0.00
#OUT 17243 -2.07 0.00 0.00
#OUT 17248 -2.07 -1.53 0.00
#OUT 17252 -2.07 0.00 0.00
#OUT 17258 -2.08 -1.53 0.00
#OUT 17263 -2.08 -3.07 0.00
#OUT 17268 -2.10 -3.07 0.00
#OUT 17272 -2.11 -3.07 0.00
#OUT 17278 -2.12 -3.07 0.00
#OUT 17283 -2.14 -4.60 0.00
#OUT 17288 -2.17 -4.60 0.00
#OUT 17292 -2.19 -4.60 0.00
#OUT 17298 -2.22 -6.14 0.00
#OUT 17303 -2.25 -6.14 0.00
#OUT 17308 -2.28 -6.14 0.00
#OUT 17312 -2.31 -7.67 0.00
#OUT 17318 -2.35 -7.67 0.00
#OUT 17323 -2.39 -7.67 0.00
#OUT 17328 -2.43 -7.67 0.00
#OUT 17332 -2.47 -9.20 0.00
#OUT 17338 -2.51 -9.20 0.00
#OUT 17343 -2.56 -10.74 0.00
#OUT 17348 -2.61 -9.20 0.00
#OUT 17352 -2.65 -9.20 0.00
#OUT 17358 -2.70 -10.74 0.00
#OUT 17363 -2.76 -10.74 0.00
#OUT 17368 -2.81 -9.20 0.00
#OUT 17372 -2.86 -10.74 0.00
#OUT 17378 -2.92 -10.74 0.00
#OUT 17383 2.91 5878.21 0.00
#OUT 17388 -3.04 -12.27 0.00
#OUT 17392 -3.08 -9.20 0.00
#OUT 17398 3.14 6270.91 0.00
#OUT 17403 3.08 -12.27 0.00
#OUT 17408 3.02 -10.74 0.00
#OUT 17412 2.98 -10.74 0.00
#OUT 17418 2.52 -403.44 0.00
#OUT 17423 2.86 -10.74 0.00
#OUT 17428 2.80 -10.74 0.00
#OUT 17432 2.76 -9.20 0.00
#OUT 17438 2.70 -10.74 0.00
#OUT 17443 2.65 -9.20 0.00
#OUT 17448 2.60 -9.20 0.00
#OUT 17452 2.56 -10.74 0.00
#OUT 17458 2.52 -7.67 0.00
#OUT 17463 2.47 -7.67 0.00
#OUT 17468 2.43 -7.67 0.00
#OUT 17472 2.40 -7.67 0.00
#OUT 17478 2.37 -7.67 0.00
#OUT 17483 2.33 -6.14 0.00
#OUT 17488 2.30 -4.60 0.00
#OUT 17492 2.28 -4.60 0.00
#OUT 17498 2.25 -4.60 0.00
#OUT 17503 2.23 -4.60 0.00
#OUT 17508 2.22 -3.07 0.00
#OUT 17512 2.20 -3.07 0.00
#OUT 17518 2.19 -1.53 0.00
#OUT 17523 2.18 -1.53 0.00
#OUT 17528 2.18 -1.53 0.00
#OUT 17532 2.18 0.00 0.00
#OUT 17538 2.18 0.00 0.00
#OUT 17543 2.18 1.53 0.00
#OUT 17548 2.19 1.53 0.00
#OUT 17552 2.20 3.07 0.00
#OUT 17558 2.21 3.07 0.00
#OUT 17563 2.22 3.07 0.00
#OUT 17568 2.24 4.60 0.00
#OUT 17572 2.26 4.60 0.00
#OUT 17578 2.28 4.60 0.00
#OUT 17583 2.31 6.14 0.00
#OUT 17588 2.34 6.14 0.00
#OUT 17592 2.37 6.14 0.00
#OUT 17598 2.40 6.14 0.00
#OUT 17603 2.44 7.67 0.00
#OUT 17608 2.48 7.67 0.00
#OUT 17612 2.91 400.37 0.00
#OUT 17618 2.56 9.20 0.00
#OUT 17623 2.61 9.20 0.00
#OUT 17628 2.66 10.74 0.00
#OUT 17632 2.70 9.20 0.00
#OUT 17638 2.75 10.74 0.00
#OUT 17643 2.80 10.74 0.00
#OUT 17648 2.85 10.74 0.00
#OUT 17652 2.90 10.74 0.00
#OUT 17658 2.96 10.74 0.00
#OUT 17663 3.01 10.74 0.00
#OUT 17668 3.07 10.74 0.00
#OUT 17672 3.12 12.27 0.00
#OUT 17678 -3.11 10.74 0.00
#OUT 17683 -3.05 12.27 0.00
#OUT 17688 -3.00 10.74 0.00
#OUT 17692 -2.95 10.74 0.00
#OUT 17698 -2.89 10.74 0.00
#OUT 17703 -2.84 10.74 0.00
#OUT 17708 -2.79 10.74 0.00
#OUT 17712 -2.74 10.74 0.00
#OUT 17718 -2.69 10.74 0.00
#OUT 17723 -2.64 10.74 0.00
#OUT 17728 -2.20 401.90 0.00
#OUT 17732 -2.55 9.20 0.00
#OUT 17738 -2.50 9.20 0.00
#OUT 17743 -2.46 9.20 0.00
#OUT 17748 -2.41 7.67 0.00
#OUT 17752 -2.38 7.67 0.00
#OUT 17758 -2.34 7.67 0.00
#OUT 17763 -2.30 7.67 0.00
#OUT 17768 -2.27 6.14 0.00
#OUT 17772 -2.25 4.60 0.00
#OUT 17778 -2.22 6.14 0.00
#OUT 17783 -2.19 4.60 0.00
#OUT 17788 -2.17 4.60 0.00
#OUT 17792 -2.15 3.07 0.00
#OUT 17798 -2.13 3.07 0.00
#OUT 17803 -2.12 3.07 0.00
#OUT 17808 -2.10 3.07 0.00
#OUT 17812 -2.10 1.53 0.00
#OUT 17818 -2.09 1.53 0.00
#OUT 17823 -2.08 0.00 0.00
#OUT 17828 -2.08 0.00 0.00
#OUT 17832 -2.08 0.00 0.00
#OUT 17838 -2.08 0.00 0.00
#OUT 17843 -2.09 0.00 0.00
#OUT 17848 -2.09 -1.53 0.00
#OUT 17852 -2.10 -1.53 0.00
#OUT 17858 -2.11 -1.53 0.00
#OUT 17863 -2.12 -3.07 0.00
#OUT 17868 -2.14 -3.07 0.00
#OUT 17872 -2.15 -3.07 0.00
#OUT 17878 -2.17 -3.07 0.00
#OUT 17883 -2.19 -3.07 0.00
#OUT 17888 -2.21 -4.60 0.00
#OUT 17892 -2.23 -4.60 0.00
#OUT 17898 -2.25 -4.60 0.00
#OUT 17903 -2.28 -6.14 0.00
#OUT 17908 -2.30 -6.14 0.00
#OUT 17912 -2.33 -6.14 0.00
#OUT 17918 -2.36 -6.14 0.00
#OUT 17923 -2.39 -6.14 0.00
#OUT 17928 -2.42 -6.14 0.00
#OUT 17932 -2.45 -7.67 0.00
#OUT 17938 -2.49 -6.14 0.00
#OUT 17943 -2.53 -7.67 0.00
#OUT 17948 -2.57 -7.67 0.00
#OUT 17952 -2.60 -7.67 0.00
#OUT 17958 -2.64 -9.20 0.00
#OUT 17963 -2.69 -7.67 0.00
#OUT 17968 -2.73 -9.20 0.00
#OUT 17972 -2.77 -9.20 0.00
#OUT 17978 -2.82 -9.20 0.00
#OUT 17983 -2.87 -9.20 0.00
#OUT 17988 -2.92 -9.20 0.00
#OUT 17992 -2.96 -9.20 0.00
#OUT 17998 -3.01 -10.74 0.00
#OUT 18003 -3.06 -9.20 0.00
#OUT 18008 -3.11 -10.74 0.00
#OUT 18012 3.13 -9.20 0.00
#OUT 18018 3.07 -9.20 0.00
#OUT 18023 3.02 -10.74 0.00
#OUT 18028 2.97 -9.20 0.00
#OUT 18032 2.93 -9.20 0.00
#OUT 18038 2.87 -10.74 0.00
#OUT 18043 2.82 -10.74 0.00
#OUT 18048 2.77 -9.20 0.00
#OUT 18052 2.73 -9.20 0.00
#OUT 18058 2.68 -9.20 0.00
#OUT 18063 2.64 -9.20 0.00
#OUT 18068 2.59 -9.20 0.00
#OUT 18072 2.55 -7.67 0.00
#OUT 18078 2.51 -7.67 0.00
#OUT 18083 2.47 -7.67 0.00
#OUT 18088 2.43 -6.14 0.00
#OUT 18092 2.39 -7.67 0.00
#OUT 18098 2.36 -7.67 0.00
#OUT 18103 2.32 -7.67 0.00
#OUT 18108 2.29 -7.67 0.00
#OUT 18112 2.26 -6.14 0.00
#OUT 18118 2.23 -6.14 0.00
#OUT 18123 2.20 -6.14 0.00
#OUT 18128 2.17 -4.60 0.00
#OUT 18132 2.15 -4.60 0.00
#OUT 18138 2.13 -4.60 0.00
#OUT 18143 2.11 -4.60 0.00
#OUT 18148 2.09 -3.07 0.00
#OUT 18152 2.07 -4.60 0.00
#OUT 18158 2.06 -1.53 0.00
#OUT 18163 2.05 -3.07 0.00
#OUT 18168 2.04 -1.53 0.00
#OUT 18172 2.03 -1.53 0.00
#OUT 18178 2.02 -1.53 0.00
#OUT 18183 2.02 -1.53 0.00
#OUT 18188 2.01 0.00 0.00
#OUT 18192 2.01 0.00 0.00
#OUT 18198 2.01 0.00 0.00
#OUT 18203 2.02 1.53 0.00
#OUT 18208 2.02 1.53 0.00
#OUT 18212 2.03 1.53 0.00
#OUT 18218 2.04 3.07 0.00
#OUT 18223 2.04 1.53 0.00
#OUT 18228 2.06 1.53 0.00
#OUT 18232 2.07 3.07 0.00
#OUT 18238 2.08 3.07 0.00
#OUT 18243 2.10 3.07 0.00
#OUT 18248 2.12 4.60 0.00
#OUT 18252 2.14 3.07 0.00
#OUT 18258 2.16 4.60 0.00
#OUT 18263 2.18 4.60 0.00
#OUT 18268 2.21 4.60 0.00
#OUT 18272 2.23 4.60 0.00
#OUT 18278 2.26 6.14 0.00
#OUT 18283 2.29 6.14 0.00
#OUT 18288 2.32 6.14 0.00
#OUT 18292 2.34 7.67 0.00
#OUT 18298 2.37 6.14 0.00
#OUT 18303 2.41 6.14 0.00
#OUT 18308 2.45 6.14 0.00
#OUT 18312 2.48 7.67 0.00
#OUT 18318 2.91 400.37 0.00
#OUT 18323 2.56 7.67 0.00
#OUT 18328 2.60 7.67 0.00
#OUT 18332 2.64 9.20 0.00
#OUT 18338 2.68 9.20 0.00
#OUT 18343 2.73 9.20 0.00
#OUT 18348 2.77 9.20 0.00
#OUT 18352 2.81 9.20 0.00
#OUT 18358 2.86 7.67 0.00
#OUT 18363 2.92 10.74 0.00
#OUT 18368 2.97 9.20 0.00
#OUT 18372 3.01 10.74 0.00
#OUT 18378 3.06 10.74 0.00
#OUT 18383 3.12 9.20 0.00
#OUT 18388 -3.11 10.74 0.00
#OUT 18392 -3.07 10.74 0.00
#OUT 18398 -3.01 10.74 0.00
#OUT 18403 -2.96 9.20 0.00
#OUT 18408 -2.90 10.74 0.00
#OUT 18412 -2.86 10.74 0.00
#OUT 18418 -2.81 10.74 0.00
#OUT 18423 -2.75 9.20 0.00
#OUT 18428 -2.70 10.74 0.00
#OUT 18432 -2.66 10.74 0.00
#OUT 18438 -2.61 9.20 0.00
#OUT 18443 -2.56 10.74 0.00
#OUT 18448 -2.51 9.20 0.00
#OUT 18452 -2.47 9.20 0.00
#OUT 18458 -2.43 9.20 0.00
#OUT 18463 -2.38 7.67 0.00
#OUT 18468 -2.34 7.67 0.00
#OUT 18472 -2.31 6.14 0.00
#OUT 18478 -2.26 7.67 0.00
#OUT 18483 -2.23 6.14 0.00
#OUT 18488 -2.19 6.14 0.00
#OUT 18492 -2.16 7.67 0.00
#OUT 18498 -2.13 6.14 0.00
#OUT 18503 -2.10 4.60 0.00
#OUT 18508 -2.07 4.60 0.00
#OUT 18512 -2.05 4.60 0.00
#OUT 18518 -2.02 4.60 0.00
#OUT 18523 -2.00 3.07 0.00
#OUT 18528 -1.98 4.60 0.00
#OUT 18532 -1.96 3.07 0.00
#OUT 18538 -1.95 3.07 0.00
#OUT 18543 -1.93 3.07 0.00
#OUT 18548 -1.92 1.53 0.00
#OUT 18552 -1.91 1.53 0.00
#OUT 18558 -1.91 0.00 0.00
#OUT 18563 -1.90 1.53 0.00
#OUT 18568 -1.90 0.00 0.00
#OUT 18572 -1.90 -1.53 0.00
#OUT 18578 -1.90 0.00 0.00
#OUT 18583 -1.91 -1.53 0.00
#OUT 18588 -1.91 -1.53 0.00
#OUT 18592 -1.92 0.00 0.00
#OUT 18598 -1.93 -1.53 0.00
#OUT 18603 -1.94 -1.53 0.00
#OUT 18608 -1.95 -1.53 0.00
#OUT 18612 -1.96 -3.07 0.00
#OUT 18618 -1.98 -3.07 0.00
#OUT 18623 -2.00 -3.07 0.00
#OUT 18628 -2.01 -3.07 0.00
#OUT 18632 -2.03 -3.07 0.00
#OUT 18638 -2.05 -4.60 0.00
#OUT 18643 -2.07 -4.60 0.00
#OUT 18648 -2.10 -4.60 0.00
#OUT 18652 -2.11 -4.60 0.00
#OUT 18658 -2.14 -4.60 0.00
#OUT 18663 -2.16 -4.60 0.00
#OUT 18668 -2.58 -397.30 0.00
#OUT 18672 -2.21 -4.60 0.00
#OUT 18678 -2.24 -4.60 0.00
#OUT 18683 -2.27 -6.14 0.00
#OUT 18688 -2.30 -6.14 0.00
#OUT 18692 -2.33 -4.60 0.00
#OUT 18698 -2.36 -6.14 0.00
#OUT 18703 -2.39 -6.14 0.00
#OUT 18708 -2.43 -6.14 0.00
#OUT 18712 -2.45 -7.67 0.00
#OUT 18718 -2.49 -6.14 0.00
#OUT 18723 -2.52 -6.14 0.00
#OUT 18728 -2.56 -7.67 0.00
#OUT 18732 -2.59 386.56 0.00
#OUT 18738 -2.63 -7.67 0.00
#OUT 18743 -2.67 -7.67 0.00
#OUT 18748 -2.71 -7.67 0.00
#OUT 18752 -2.74 -7.67 0.00
#OUT 18758 -2.78 -7.67 0.00
#OUT 18763 -2.82 -7.67 0.00
#OUT 18768 -2.86 -7.67 0.00
#OUT 18772 -2.90 -9.20 0.00
#OUT 18778 -2.94 -7.67 0.00
#OUT 18783 -2.98 -5898.16 0.00
#OUT 18788 -3.03 -9.20 0.00
#OUT 18792 -3.06 -7.67 0.00
#OUT 18798 -3.10 -7.67 0.00
#OUT 18803 3.14 6273.98 0.00
#OUT 18808 3.10 -7.67 0.00
#OUT 18812 3.06 -7.67 0.00
#OUT 18818 3.02 -7.67 0.00
#OUT 18823 2.98 -7.67 0.00
#OUT 18828 2.94 -7.67 0.00
#OUT 18832 2.91 -7.67 0.00
#OUT 18838 2.87 -7.67 0.00
#OUT 18843 2.83 -6.14 0.00
#OUT 18848 2.80 -6.14 0.00
#OUT 18852 2.77 -6.14 0.00
#OUT 18858 2.74 -6.14 0.00
#OUT 18863 2.70 -6.14 0.00
#OUT 18868 2.67 -4.60 0.00
#OUT 18872 2.65 -4.60 0.00
#OUT 18878 2.62 -4.60 0.00
#OUT 18883 2.59 -4.60 0.00
#OUT 18888 2.57 -4.60 0.00
#OUT 18892 2.55 -4.60 0.00
#OUT 18898 2.53 -3.07 0.00
#OUT 18903 2.51 -3.07 0.00
#OUT 18908 2.49 -3.07 0.00
#OUT 18912 2.48 -3.07 0.00
#OUT 18918 2.46 -1.53 0.00
#OUT 18923 2.45 -1.53 0.00
#OUT 18928 2.44 -1.53 0.00
#OUT 18932 2.43 -1.53 0.00
#OUT 18938 2.43 0.00 0.00
#OUT 18943 2.42 -1.53 0.00
#OUT 18948 2.41 -1.53 0.00
#OUT 18952 2.41 -1.53 0.00
#OUT 18958 2.41 0.00 0.00
#OUT 18963 2.41 0.00 0.00
#OUT 18968 2.42 0.00 0.00
#OUT 18972 2.42 0.00 0.00
#OUT 18978 2.43 1.53 0.00
#OUT 18983 2.44 1.53 0.00
#OUT 18988 2.45 3.07 0.00
#OUT 18992 2.46 1.53 0.00
#OUT 18998 2.47 3.07 0.00
#OUT 19003 2.49 1.53 0.00
#OUT 19008 2.50 3.07 0.00
#OUT 19012 2.52 3.07 0.00
#OUT 19018 2.54 4.60 0.00
#OUT 19023 2.55 3.07 0.00
#OUT 19028 2.58 3.07 0.00
#OUT 19032 2.59 3.07 0.00
#OUT 19038 2.62 3.07 0.00
#OUT 19043 2.64 4.60 0.00
#OUT 19048 2.67 6.14 0.00
#OUT 19052 2.69 4.60 0.00
#OUT 19058 2.72 6.14 0.00
#OUT 19063 2.75 6.14 0.00
#OUT 19068 2.78 6.14 0.00
#OUT 19072 2.80 6.14 0.00
#OUT 19078 2.83 6.14 0.00
#OUT 19083 2.86 6.14 0.00
#OUT 19088 2.90 6.14 0.00
#OUT 19092 2.92 6.14 0.00
#OUT 19098 2.96 6.14 0.00
#OUT 19103 2.99 6.14 0.00
#OUT 19108 3.03 7.67 0.00
#OUT 19112 3.05 6.14 0.00
#OUT 19118 3.08 6.14 0.00
#OUT 19123 3.12 6.14 0.00
#OUT 19128 -3.13 6.14 0.00
#OUT 19132 -3.10 7.67 0.00
#OUT 19138 -3.07 6.14 0.00
#OUT 19143 -3.04 6.14 0.00
#OUT 19148 -3.01 6.14 0.00
#OUT 19152 -2.98 6.14 0.00
#OUT 19158 -2.95 4.60 0.00
#OUT 19163 -2.92 6.14 0.00
#OUT 19168 -2.89 6.14 0.00
#OUT 19172 -2.87 4.60 0.00
#OUT 19178 -2.84 4.60 0.00
#OUT 19183 -2.82 4.60 0.00
#OUT 19188 -2.79 4.60 0.00
#OUT 19192 -2.77 4.60 0.00
#OUT 19198 -2.75 4.60 0.00
#OUT 19203 -2.73 4.60 0.00
#OUT 19208 -2.71 4.60 0.00
#OUT 19212 -2.69 4.60 0.00
#OUT 19218 -2.68 3.07 0.00
#OUT 19223 -2.66 3.07 0.00
#OUT 19228 -2.64 3.07 0.00
#OUT 19232 -2.63 3.07 0.00
#OUT 19238 -2.62 1.53 0.00
#OUT 19243 -2.61 1.53 0.00
#OUT 19248 -2.60 1.53 0.00
#OUT 19252 -2.60 1.53 0.00
#OUT 19258 -2.59 1.53 0.00
#OUT 19263 -2.59 0.00 0.00
#OUT 19268 -2.59 0.00 0.00
#OUT 19272 -2.59 0.00 0.00
#OUT 19278 -2.59 0.00 0.00
#OUT 19283 -2.59 0.00 0.00
#OUT 19288 -2.59 0.00 0.00
#OUT 19292 -2.60 -1.53 0.00
#OUT 19298 -2.60 -1.53 0.00
#OUT 19303 -2.61 -1.53 0.00
#OUT 19308 -2.62 -3.07 0.00
#OUT 19312 -2.63 -3.07 0.00
#OUT 19318 -2.64 -1.53 0.00
#OUT 19323 -2.65 -3.07 0.00
#OUT 19328 -2.66 -3.07 0.00
#OUT 19332 -2.68 -3.07 0.00
#OUT 19338 -2.69 -3.07 0.00
#OUT 19343 -2.71 -3.07 0.00
#OUT 19348 -2.72 -4.60 0.00
#OUT 19352 -2.74 -3.07 0.00
#OUT 19358 -2.76 -3.07 0.00
#OUT 19363 -2.78 -3.07 0.00
#OUT 19368 -2.80 -4.60 0.00
#OUT 19372 -2.81 -4.60 0.00
#OUT 19378 -2.84 -4.60 0.00
#OUT 19383 -2.86 -4.60 0.00
#OUT 19388 -2.88 -4.60 0.00
#OUT 19392 -2.90 -4.60 0.00
#OUT 19398 -2.92 -4.60 0.00
#OUT 19403 -2.95 -3.07 0.00
#OUT 19408 -2.97 -4.60 0.00
#OUT 19412 -2.99 -4.60 0.00
#OUT 19418 -3.02 -4.60 0.00
#OUT 19423 -3.05 -4.60 0.00
#OUT 19428 -3.07 -6.14 0.00
#OUT 19432 -3.09 -4.60 0.00
#OUT 19438 -3.12 -4.60 0.00
#OUT 19443 3.14 6280.12 0.00
#OUT 19448 3.11 -4.60 0.00
#OUT 19452 3.09 -4.60 0.00
#OUT 19458 3.06 -6.14 0.00
#OUT 19463 3.04 -6.14 0.00
#OUT 19468 3.02 -6.14 0.00
#OUT 19472 3.00 -4.60 0.00
#OUT 19478 2.97 -4.60 0.00
#OUT 19483 2.95 -4.60 0.00
#OUT 19488 2.93 -3.07 0.00
#OUT 19492 2.91 -3.07 0.00
#OUT 19498 2.89 -4.60 0.00
#OUT 19503 2.87 -4.60 0.00
#OUT 19508 2.85 -3.07 0.00
#OUT 19512 2.84 -3.07 0.00
#OUT 19518 2.82 -3.07 0.00
#OUT 19523 2.80 -3.07 0.00
#OUT 19528 2.79 -3.07 0.00
#OUT 19532 2.78 -1.53 0.00
#OUT 19538 2.77 -1.53 0.00
#OUT 19543 2.76 -3.07 0.00
#OUT 19548 2.74 -3.07 0.00
#OUT 19552 2.74 -1.53 0.00
#OUT 19558 2.73 0.00 0.00
#OUT 19563 2.72 -1.53 0.00
#OUT 19568 2.72 -1.53 0.00
#OUT 19572 2.71 0.00 0.00
#OUT 19578 2.71 0.00 0.00
#OUT 19583 2.71 0.00 0.00
#OUT 19588 2.71 0.00 0.00
#OUT 19592 2.71 0.00 0.00
#OUT 19598 2.71 0.00 0.00
#OUT 19603 2.71 1.53 0.00
#OUT 19608 2.71 0.00 0.00
#OUT 19612 2.72 0.00 0.00
#OUT 19618 2.72 0.00 0.00
#OUT 19623 2.73 1.53 0.00
#OUT 19628 2.73 1.53 0.00
#OUT 19632 2.74 1.53 0.00
#OUT 19638 2.75 1.53 0.00
#OUT 19643 2.76 1.53 0.00
#OUT 19648 2.76 1.53 0.00
#OUT 19652 2.77 1.53 0.00
#OUT 19658 2.78 3.07 0.00
#OUT 19663 2.79 1.53 0.00
#OUT 19668 2.81 1.53 0.00
#OUT 19672 2.82 1.53 0.00
#OUT 19678 2.83 3.07 0.00
#OUT 19683 2.85 3.07 0.00
#OUT 19688 2.86 3.07 0.00
#OUT 19692 2.87 3.07 0.00
#OUT 19698 2.89 1.53 0.00
#OUT 19703 2.90 3.07 0.00
#OUT 19708 2.92 3.07 0.00
#OUT 19712 2.93 3.07 0.00
#OUT 19718 2.95 4.60 0.00
#OUT 19723 2.96 3.07 0.00
#OUT 19728 2.98 3.07 0.00
#OUT 19732 2.99 3.07 0.00
#OUT 19738 3.01 3.07 0.00
#OUT 19743 3.03 3.07 0.00
#OUT 19748 3.04 3.07 0.00
#OUT 19752 3.06 3.07 0.00
#OUT 19758 3.07 3.07 0.00
#OUT 19763 3.09 1.53 0.00
#OUT 19768 3.11 3.07 0.00
#OUT 19772 3.12 3.07 0.00
#OUT 19778 3.14 3.07 0.00
#OUT 19783 -3.13 3.07 0.00
#OUT 19788 -3.11 3.07 0.00
#OUT 19792 -3.10 3.07 0.00
#OUT 19798 -3.08 3.07 0.00
#OUT 19803 -3.06 3.07 0.00
#OUT 19808 -3.05 3.07 0.00
#OUT 19812 -3.04 1.53 0.00
#OUT 19818 -3.02 3.07 0.00
#OUT 19823 -3.01 3.07 0.00
#OUT 19828 -2.99 1.53 0.00
#OUT 19832 -2.98 1.53 0.00
#OUT 19838 -2.97 3.07 0.00
#OUT 19843 -2.96 1.53 0.00
#OUT 19848 -2.95 3.07 0.00
#OUT 19852 -2.94 1.53 0.00
#OUT 19858 -2.93 1.53 0.00
#OUT 19863 -2.92 1.53 0.00
#OUT 19868 -2.91 1.53 0.00
#OUT 19872 -2.90 1.53 0.00
#OUT 19878 -2.90 0.00 0.00
#OUT 19883 -2.89 0.00 0.00
#OUT 19888 -2.89 1.53 0.00
#OUT 19892 -2.88 0.00 0.00
#OUT 19898 -2.88 1.53 0.00
#OUT 19903 -2.87 1.53 0.00
#OUT 19908 -2.87 0.00 0.00
#OUT 19912 -2.87 0.00 0.00
#OUT 19918 -2.87 0.00 0.00
#OUT 19923 -2.87 0.00 0.00
#OUT 19928 -2.87 0.00 0.00
#OUT 19932 -2.87 0.00 0.00
#OUT 19938 -2.87 0.00 0.00
#OUT 19943 -2.88 0.00 0.00
#OUT 19948 -2.88 0.00 0.00
#OUT 19952 -2.88 -1.53 0.00
#OUT 19958 -2.89 -1.53 0.00
#OUT 19963 -2.89 -1.53 0.00
#OUT 19968 -2.90 0.00 0.00
#OUT 19972 -2.90 0.00 0.00
#OUT 19978 -2.91 -1.53 0.00
#OUT 19983 -2.92 -1.53 0.00
#OUT 19988 -2.92 -1.53 0.00
#OUT 19992 -2.93 0.00 0.00
#OUT 19998 -2.94 -1.53 0.00
#OUT 20003 -2.95 -1.53 0.00
#OUT 20008 -2.96 -1.53 0.00
#OUT 20012 -2.96 -3.07 0.00
#OUT 20018 -2.97 -1.53 0.00
#OUT 20023 -2.98 -3.07 0.00
#OUT 20028 -2.99 -3.07 0.00
#OUT 20032 -3.00 -1.53 0.00
#OUT 20038 -3.01 -3.07 0.00
#OUT 20043 -3.03 -1.53 0.00
#OUT 20048 -3.04 -3.07 0.00
#OUT 20052 -3.05 -3.07 0.00
#OUT 20058 -3.06 -1.53 0.00
#OUT 20063 -3.07 -1.53 0.00
#OUT 20068 -3.08 -1.53 0.00
#OUT 20072 -3.09 -3.07 0.00
#OUT 20078 -3.10 -3.07 0.00
#OUT 20083 -3.12 -3.07 0.00
#OUT 20088 -3.13 -3.07 0.00
#OUT 20092 -3.14 -3.07 0.00
#OUT 20098 3.13 -3.07 0.00
#OUT 20103 3.12 -3.07 0.00
#OUT 20108 3.11 -1.53 0.00
#OUT 20112 3.10 -3.07 0.00
#OUT 20118 3.09 -1.53 0.00
#OUT 20123 3.08 -1.53 0.00
#OUT 20128 3.06 -3.07 0.00
#OUT 20132 3.06 -1.53 0.00
#OUT 20138 3.04 -3.07 0.00
#OUT 20143 3.04 -1.53 0.00
#OUT 20148 3.03 -1.53 0.00
#OUT 20152 3.02 -1.53 0.00
#OUT 20158 3.01 -1.53 0.00
#OUT 20163 3.00 -1.53 0.00
#OUT 20168 2.99 -1.53 0.00
#OUT 20172 2.98 -1.53 0.00
#OUT 20178 2.98 -1.53 0.00
#OUT 20183 2.97 -1.53 0.00
#OUT 20188 2.96 -1.53 0.00
#OUT 20192 2.96 0.00 0.00
#OUT 20198 2.95 -1.53 0.00
#OUT 20203 2.95 -1.53 0.00
#OUT 20208 2.94 -1.53 0.00
#OUT 20212 2.94 -1.53 0.00
#OUT 20218 2.93 -1.53 0.00
#OUT 20223 2.93 -1.53 0.00
#OUT 20228 2.93 0.00 0.00
#OUT 20233 2.92 -1.53 0.00
#OUT 20237 2.92 0.00 0.00
#OUT 20243 2.91 0.00 0.00
#OUT 20248 2.91 -1.53 0.00
#OUT 20253 2.90 0.00 0.00
#OUT 20258 2.90 -1.53 0.00
#OUT 20262 2.90 -1.53 0.00
#OUT 20268 2.89 -1.53 0.00
#OUT 20273 2.89 -1.53 0.00
#OUT 20278 2.88 -1.53 0.00
#OUT 20282 2.88 -1.53 0.00
#OUT 20288 2.87 0.00 0.00
#OUT 20293 2.87 0.00 0.00
#OUT 20298 2.86 -1.53 0.00
#OUT 20302 2.86 0.00 0.00
#OUT 20308 2.85 0.00 0.00
#OUT 20313 2.85 -1.53 0.00
#OUT 20318 2.84 -1.53 0.00
#OUT 20322 2.84 0.00 0.00
#OUT 20328 2.83 0.00 0.00
#OUT 20333 2.83 -1.53 0.00
#OUT 20338 2.82 0.00 0.00
#OUT 20343 2.82 -1.53 0.00
#OUT 20347 2.81 0.00 0.00
#OUT 20353 2.81 -1.53 0.00
#OUT 20358 2.80 -1.53 0.00
#OUT 20363 2.79 -1.53 0.00
#OUT 20367 2.79 -1.53 0.00
#OUT 20373 2.78 -1.53 0.00
#OUT 20378 2.77 -1.53 0.00
#OUT 20383 2.77 -1.53 0.00
#OUT 20387 2.76 -1.53 0.00
#OUT 20393 2.75 -1.53 0.00
#OUT 20398 2.75 -1.53 0.00
#OUT 20403 2.74 0.00 0.00
#OUT 20408 2.73 -1.53 0.00
#OUT 20412 2.73 -1.53 0.00
#OUT 20418 2.72 -1.53 0.00
#OUT 20423 2.72 -1.53 0.00
#OUT 20428 2.71 -1.53 0.00
#OUT 20432 2.71 -1.53 0.00
#OUT 20438 2.70 -1.53 0.00
#OUT 20443 2.70 0.00 0.00
#OUT 20448 2.70 0.00 0.00
#OUT 20453 2.70 0.00 0.00
#OUT 20458 2.71 1.53 0.00
#OUT 20462 2.71 1.53 0.00
#OUT 20468 2.71 1.53 0.00
#OUT 20473 2.72 1.53 0.00
#OUT 20478 2.73 1.53 0.00
#OUT 20482 2.74 3.07 0.00
#OUT 20488 2.75 3.07 0.00
#OUT 20493 2.77 4.60 0.00
#OUT 20498 2.78 3.07 0.00
#OUT 20502 2.80 4.60 0.00
#OUT 20508 2.82 4.60 0.00
#OUT 20513 2.84 4.60 0.00
#OUT 20518 2.87 4.60 0.00
#OUT 20522 2.89 4.60 0.00
#OUT 20528 2.92 5895.09 0.00
#OUT 20533 2.95 6.14 0.00
#OUT 20538 2.98 6.14 0.00
#OUT 20542 3.00 6.14 0.00
#OUT 20548 3.04 4.60 0.00
#OUT 20553 3.07 7.67 0.00
#OUT 20558 3.11 6.14 0.00
#OUT 20562 3.14 7.67 0.00
#OUT 20568 -3.10 7.67 0.00
#OUT 20573 -3.07 7.67 0.00
#OUT 20578 -3.03 7.67 0.00
#OUT 20583 -2.99 7.67 0.00
#OUT 20587 -2.95 7.67 0.00
#OUT 20593 -2.91 7.67 0.00
#OUT 20598 -2.88 7.67 0.00
#OUT 20603 -2.83 7.67 0.00
#OUT 20608 -2.79 7.67 0.00
#OUT 20612 -2.76 7.67 0.00
#OUT 20618 -2.72 7.67 0.00
#OUT 20623 -2.68 7.67 0.00
#OUT 20628 -2.65 7.67 0.00
#OUT 20633 -2.61 7.67 0.00
#OUT 20638 -2.58 6.14 0.00
#OUT 20643 -2.54 6.14 0.00
#OUT 20648 -2.50 7.67 0.00
#OUT 20652 -2.47 6.14 0.00
#OUT 20658 -2.44 6.14 0.00
#OUT 20663 -2.41 6.14 0.00
#OUT 20668 -2.37 6.14 0.00
#OUT 20672 -2.35 6.14 0.00
#OUT 20678 -2.32 6.14 0.00
#OUT 20683 -2.29 6.14 0.00
#OUT 20688 -2.26 6.14 0.00
#OUT 20692 -2.24 6.14 0.00
#OUT 20698 -2.22 4.60 0.00
#OUT 20703 -2.19 4.60 0.00
#OUT 20708 -2.17 4.60 0.00
#OUT 20712 -2.15 4.60 0.00
#OUT 20718 -2.13 3.07 0.00
#OUT 20723 -2.12 3.07 0.00
#OUT 20728 -2.10 3.07 0.00
#OUT 20733 -2.08 3.07 0.00
#OUT 20737 -2.08 1.53 0.00
#OUT 20743 -2.07 1.53 0.00
#OUT 20748 -2.06 1.53 0.00
#OUT 20753 -2.05 1.53 0.00
#OUT 20758 -2.05 0.00 0.00
#OUT 20763 -2.05 0.00 0.00
#OUT 20768 -2.05 0.00 0.00
#OUT 20773 -2.05 0.00 0.00
#OUT 20778 -2.06 -1.53 0.00
#OUT 20783 -2.07 -3.07 0.00
#OUT 20788 -2.08 -3.07 0.00
#OUT 20792 -2.09 -3.07 0.00
#OUT 20798 -2.11 -3.07 0.00
#OUT 20803 -2.12 -4.60 0.00
#OUT 20808 -2.14 -4.60 0.00
#OUT 20812 -2.16 -4.60 0.00
#OUT 20818 -2.19 -4.60 0.00
#OUT 20823 -2.21 -6.14 0.00
#OUT 20828 -2.24 -4.60 0.00
#OUT 20833 -2.27 -4.60 0.00
#OUT 20837 -2.30 -7.67 0.00
#OUT 20843 -2.34 -7.67 0.00
#OUT 20848 -2.38 -7.67 0.00
#OUT 20853 -2.41 -7.67 0.00
#OUT 20858 -2.45 -7.67 0.00
#OUT 20863 -2.50 -7.67 0.00
#OUT 20868 -2.54 -9.20 0.00
#OUT 20872 -2.58 -9.20 0.00
#OUT 20878 -2.63 -9.20 0.00
#OUT 20883 -2.68 -7.67 0.00
#OUT 20888 -2.72 -10.74 0.00
#OUT 20893 -2.77 -10.74 0.00
#OUT 20898 -2.83 -9.20 0.00
#OUT 20902 -2.87 -9.20 0.00
#OUT 20908 -2.92 -10.74 0.00
#OUT 20913 2.91 5879.75 0.00
#OUT 20918 -3.03 -10.74 0.00
#OUT 20922 -3.08 -10.74 0.00
#OUT 20928 -3.13 -10.74 0.00
#OUT 20933 3.10 -10.74 0.00
#OUT 20938 3.05 -9.20 0.00
#OUT 20942 3.00 -10.74 0.00
#OUT 20948 2.95 -9.20 0.00
#OUT 20953 2.90 -9.20 0.00
#OUT 20958 2.85 -9.20 0.00
#OUT 20963 2.81 -9.20 0.00
#OUT 20968 2.76 -9.20 0.00
#OUT 20973 2.72 -7.67 0.00
#OUT 20978 2.67 -9.20 0.00
#OUT 20983 2.63 -9.20 0.00
#OUT 20988 2.59 -7.67 0.00
#OUT 20993 2.56 -7.67 0.00
#OUT 20998 2.13 -398.83 0.00
#OUT 21003 2.48 -7.67 0.00
#OUT 21008 2.45 -6.14 0.00
#OUT 21013 2.42 -6.14 0.00
#OUT 21018 2.39 -6.14 0.00
#OUT 21023 2.37 -6.14 0.00
#OUT 21028 2.34 -4.60 0.00
#OUT 21033 2.32 -4.60 0.00
#OUT 21038 2.30 -3.07 0.00
#OUT 21043 2.28 -4.60 0.00
#OUT 21047 2.27 -3.07 0.00
#OUT 21053 2.25 -3.07 0.00
#OUT 21058 2.24 -3.07 0.00
#OUT 21063 2.23 -1.53 0.00
#OUT 21068 2.22 -1.53 0.00
#OUT 21073 2.21 0.00 0.00
#OUT 21078 2.21 -1.53 0.00
#OUT 21083 2.21 0.00 0.00
#OUT 21088 2.21 0.00 0.00
#OUT 21093 2.21 0.00 0.00
#OUT 21098 2.22 1.53 0.00
#OUT 21103 2.22 1.53 0.00
#OUT 21108 2.23 1.53 0.00
#OUT 21113 2.24 1.53 0.00
#OUT 21118 2.25 1.53 0.00
#OUT 21123 2.27 1.53 0.00
#OUT 21128 2.28 3.07 0.00
#OUT 21133 2.30 4.60 0.00
#OUT 21138 2.32 4.60 0.00
#OUT 21143 2.34 4.60 0.00
#OUT 21148 2.36 4.60 0.00
#OUT 21153 2.39 4.60 0.00
#OUT 21158 2.41 6.14 0.00
#OUT 21163 2.44 4.60 0.00
#OUT 21168 2.47 6.14 0.00
#OUT 21173 2.50 6.14 0.00
#OUT 21178 2.53 6.14 0.00
#OUT 21183 2.56 7.67 0.00
#OUT 21188 2.60 6.14 0.00
#OUT 21193 2.63 7.67 0.00
#OUT 21198 2.67 7.67 0.00
#OUT 21203 2.71 7.67 0.00
#OUT 21208 2.75 7.67 0.00
#OUT 21213 2.78 7.67 0.00
#OUT 21218 2.82 6.14 0.00
#OUT 21223 2.86 9.20 0.00
#OUT 21228 2.90 9.20 0.00
#OUT 21233 2.95 7.67 0.00
#OUT 21238 2.99 9.20 0.00
#OUT 21243 3.03 9.20 0.00
#OUT 21248 3.07 7.67 0.00
#OUT 21253 3.11 7.67 0.00
#OUT 21258 -3.13 7.67 0.00
#OUT 21263 -3.09 7.67 0.00
#OUT 21268 -3.05 9.20 0.00
#OUT 21273 -3.01 7.67 0.00
#OUT 21278 -2.97 7.67 0.00
#OUT 21283 -2.93 6.14 0.00
#OUT 21288 -2.89 7.67 0.00
#OUT 21293 -2.85 7.67 0.00
#OUT 21298 -2.82 6.14 0.00
#OUT 21303 -2.78 7.67 0.00
#OUT 21308 -2.75 6.14 0.00
#OUT 21313 -2.71 7.67 0.00
#OUT 21318 -2.68 6.14 0.00
#OUT 21323 -2.65 4.60 0.00
#OUT 21328 -2.62 6.14 0.00
#OUT 21333 -2.60 6.14 0.00
#OUT 21338 -2.57 4.60 0.00
#OUT 21343 -2.55 4.60 0.00
#OUT 21348 -2.52 3.07 0.00
#OUT 21353 -2.50 3.07 0.00
#OUT 21358 -2.49 3.07 0.00
#OUT 21363 -2.47 3.07 0.00
#OUT 21368 -2.45 3.07 0.00
#OUT 21373 -2.44 3.07 0.00
#OUT 21378 -2.43 1.53 0.00
#OUT 21383 -2.42 1.53 0.00
#OUT 21388 -2.41 0.00 0.00
#OUT 21393 -2.41 0.00 0.00
#OUT 21398 -2.40 1.53 0.00
#OUT 21403 -2.40 0.00 0.00
#OUT 21408 -2.40 0.00 0.00
#OUT 21413 -2.40 0.00 0.00
#OUT 21418 -2.41 -1.53 0.00
#OUT 21423 -2.41 -1.53 0.00
#OUT 21428 -2.42 -1.53 0.00
#OUT 21433 -2.43 -1.53 0.00
#OUT 21438 -2.44 -3.07 0.00
#OUT 21443 -2.45 -3.07 0.00
#OUT 21448 -2.46 -3.07 0.00
#OUT 21453 -2.47 -3.07 0.00
#OUT 21458 -2.49 -3.07 0.00
#OUT 21463 -2.50 -3.07 0.00
#OUT 21468 -2.52 -3.07 0.00
#OUT 21473 -2.54 -4.60 0.00
#OUT 21478 -2.56 -3.07 0.00
#OUT 21483 -2.59 -4.60 0.00
#OUT 21488 -2.61 -4.60 0.00
#OUT 21493 -2.63 -4.60 0.00
#OUT 21498 -2.66 -4.60 0.00
#OUT 21503 -2.69 -4.60 0.00
#OUT 21508 -2.72 -6.14 0.00
#OUT 21513 -2.74 -6.14 0.00
#OUT 21518 -2.77 -6.14 0.00
#OUT 21523 -2.80 -6.14 0.00
#OUT 21528 -2.83 -6.14 0.00
#OUT 21533 -2.87 -7.67 0.00
#OUT 21538 -2.90 -6.14 0.00
#OUT 21543 -2.93 -6.14 0.00
#OUT 21548 -2.96 -6.14 0.00
#OUT 21553 -2.99 -7.67 0.00
#OUT 21558 -3.03 -7.67 0.00
#OUT 21563 -3.06 -6.14 0.00
#OUT 21567 -3.09 -6.14 0.00
#OUT 21573 -3.12 -6.14 0.00
#OUT 21578 3.13 -6.14 0.00
#OUT 21583 3.09 -6.14 0.00
#OUT 21588 3.06 -6.14 0.00
#OUT 21593 3.03 -6.14 0.00
#OUT 21598 3.00 -6.14 0.00
#OUT 21603 2.97 -6.14 0.00
#OUT 21608 2.94 -6.14 0.00
#OUT 21613 2.91 386.56 0.00
#OUT 21618 2.88 -4.60 0.00
#OUT 21623 2.85 -6.14 0.00
#OUT 21628 2.82 -6.14 0.00
#OUT 21633 2.79 -4.60 0.00
#OUT 21638 2.77 -6.14 0.00
#OUT 21643 2.75 -3.07 0.00
#OUT 21648 2.72 -4.60 0.00
#OUT 21653 2.70 -4.60 0.00
#OUT 21658 2.68 -4.60 0.00
#OUT 21663 2.66 -3.07 0.00
#OUT 21668 2.64 -4.60 0.00
#OUT 21673 2.62 -3.07 0.00
#OUT 21678 2.61 -3.07 0.00
#OUT 21683 2.60 -3.07 0.00
#OUT 21688 2.58 -3.07 0.00
#OUT 21693 2.57 -3.07 0.00
#OUT 21698 2.56 -1.53 0.00
#OUT 21703 2.55 -1.53 0.00
#OUT 21708 2.55 0.00 0.00
#OUT 21713 2.54 -1.53 0.00
#OUT 21718 2.54 0.00 0.00
#OUT 21723 2.54 0.00 0.00
#OUT 21728 2.54 0.00 0.00
#OUT 21733 2.54 0.00 0.00
#OUT 21738 2.54 0.00 0.00
#OUT 21743 2.54 1.53 0.00
#OUT 21748 2.55 1.53 0.00
#OUT 21753 2.55 1.53 0.00
#OUT 21758 2.56 1.53 0.00
#OUT 21763 2.57 3.07 0.00
#OUT 21768 2.58 1.53 0.00
#OUT 21773 2.59 3.07 0.00
#OUT 21778 2.60 1.53 0.00
#OUT 21783 2.62 3.07 0.00
#OUT 21788 2.63 3.07 0.00
#OUT 21793 2.65 3.07 0.00
#OUT 21798 2.67 4.60 0.00
#OUT 21803 2.68 4.60 0.00
#OUT 21808 2.70 4.60 0.00
#OUT 21813 2.72 3.07 0.00
#OUT 21818 2.74 4.60 0.00
#OUT 21823 2.77 4.60 0.00
#OUT 21828 2.79 4.60 0.00
#OUT 21833 2.81 4.60 0.00
#OUT 21838 2.84 4.60 0.00
#OUT 21843 2.86 4.60 0.00
#OUT 21848 2.89 4.60 0.00
#OUT 21853 -2.98 -5885.88 0.00
#OUT 21858 2.94 4.60 0.00
#OUT 21863 2.97 4.60 0.00
#OUT 21868 2.99 4.60 0.00
#OUT 21873 3.02 4.60 0.00
#OUT 21878 3.05 4.60 0.00
#OUT 21883 3.07 6.14 0.00
#OUT 21888 3.10 4.60 0.00
#OUT 21893 3.13 6.14 0.00
#OUT 21898 -3.13 4.60 0.00
#OUT 21903 -3.10 4.60 0.00
#OUT 21908 -3.08 6.14 0.00
#OUT 21913 -3.05 4.60 0.00
#OUT 21918 -3.03 4.60 0.00
#OUT 21923 -3.00 4.60 0.00
#OUT 21928 -2.98 4.60 0.00
#OUT 21933 -2.95 4.60 0.00
#OUT 21938 -2.93 4.60 0.00
#OUT 21943 -2.91 4.60 0.00
#OUT 21948 -2.89 4.60 0.00
#OUT 21953 -2.87 4.60 0.00
#OUT 21958 -2.85 4.60 0.00
#OUT 21963 -2.83 4.60 0.00
#OUT 21968 -2.81 3.07 0.00
#OUT 21973 -2.79 3.07 0.00
#OUT 21978 -2.78 3.07 0.00
#OUT 21983 -2.77 3.07 0.00
#OUT 21988 -2.75 3.07 0.00
#OUT 21993 -2.74 1.53 0.00
#OUT 21998 -2.73 1.53 0.00
#OUT 22003 -2.72 3.07 0.00
#OUT 22008 -2.71 1.53 0.00
#OUT 22013 -2.70 1.53 0.00
#OUT 22018 -2.70 1.53 0.00
#OUT 22023 -2.69 1.53 0.00
#OUT 22028 -2.69 1.53 0.00
#OUT 22033 -2.69 0.00 0.00
#OUT 22038 -2.69 0.00 0.00
#OUT 22043 -2.69 0.00 0.00
#OUT 22048 -2.69 0.00 0.00
#OUT 22053 -2.69 0.00 0.00
#OUT 22058 -2.69 0.00 0.00
#OUT 22063 -2.70 -1.53 0.00
#OUT 22068 -2.70 -1.53 0.00
#OUT 22073 -2.70 0.00 0.00
#OUT 22078 -2.71 -1.53 0.00
#OUT 22083 -2.72 -1.53 0.00
#OUT 22088 -2.73 -1.53 0.00
#OUT 22093 -2.74 -1.53 0.00
#OUT 22098 -2.75 -1.53 0.00
#OUT 22103 -2.76 -1.53 0.00
#OUT 22108 -2.77 -3.07 0.00
#OUT 22113 -2.78 -3.07 0.00
#OUT 22118 -2.79 -3.07 0.00
#OUT 22123 -2.81 -3.07 0.00
#OUT 22128 -2.82 -3.07 0.00
#OUT 22133 -2.84 -3.07 0.00
#OUT 22138 -2.85 -3.07 0.00
#OUT 22143 -2.87 -3.07 0.00
#OUT 22148 -2.89 -4.60 0.00
#OUT 22153 -2.91 -4.60 0.00
#OUT 22158 -2.92 -3.07 0.00
#OUT 22163 -2.94 -3.07 0.00
#OUT 22168 -2.96 -4.60 0.00
#OUT 22173 -2.98 -4.60 0.00
#OUT 22178 -3.00 -3.07 0.00
#OUT 22183 -3.02 -4.60 0.00
#OUT 22188 -3.04 -4.60 0.00
#OUT 22193 -3.06 -4.60 0.00
#OUT 22198 -3.08 -4.60 0.00
#OUT 22203 -3.10 -3.07 0.00
#OUT 22208 -3.12 -3.07 0.00
#OUT 22213 3.14 6278.58 0.00
#OUT 22218 3.12 -4.60 0.00
#OUT 22223 3.10 -4.60 0.00
#OUT 22228 3.08 -3.07 0.00
#OUT 22233 3.06 -3.07 0.00
#OUT 22238 3.04 -3.07 0.00
#OUT 22243 3.03 -3.07 0.00
#OUT 22248 3.01 -3.07 0.00
#OUT 22253 2.99 -3.07 0.00
#OUT 22258 2.97 -4.60 0.00
#OUT 22263 2.96 -3.07 0.00
#OUT 22268 2.94 -1.53 0.00
#OUT 22273 2.93 -3.07 0.00
#OUT 22278 2.91 -3.07 0.00
#OUT 22283 2.90 -3.07 0.00
#OUT 22288 2.89 -3.07 0.00
#OUT 22293 2.88 -1.53 0.00
#OUT 22298 2.87 -3.07 0.00
#OUT 22303 2.86 -1.53 0.00
#OUT 22308 2.85 -1.53 0.00
#OUT 22313 2.84 -1.53 0.00
#OUT 22318 2.83 -1.53 0.00
#OUT 22323 2.82 -1.53 0.00
#OUT 22328 2.82 -1.53 0.00
#OUT 22333 2.81 -1.53 0.00
#OUT 22338 2.81 0.00 0.00
#OUT 22343 2.80 -1.53 0.00
#OUT 22348 2.80 0.00 0.00
#OUT 22353 2.80 0.00 0.00
#OUT 22358 2.80 0.00 0.00
#OUT 22363 2.80 0.00 0.00
#OUT 22368 2.80 1.53 0.00
#OUT 22373 2.80 0.00 0.00
#OUT 22378 2.80 0.00 0.00
#OUT 22383 2.81 1.53 0.00
#OUT 22388 2.81 0.00 0.00
#OUT 22393 2.81 1.53 0.00
#OUT 22398 2.82 1.53 0.00
#OUT 22403 2.83 1.53 0.00
#OUT 22408 2.83 0.00 0.00
#OUT 22413 2.84 1.53 0.00
#OUT 22418 2.84 1.53 0.00
#OUT 22423 2.85 0.00 0.00
#OUT 22428 2.86 1.53 0.00
#OUT 22433 2.87 3.07 0.00
#OUT 22438 2.88 3.07 0.00
#OUT 22443 2.89 1.53 0.00
#OUT 22448 2.90 1.53 0.00
#OUT 22453 2.91 1.53 0.00
#OUT 22458 2.92 1.53 0.00
#OUT 22463 2.93 3.07 0.00
#OUT 22468 2.94 3.07 0.00
#OUT 22473 2.96 3.07 0.00
#OUT 22478 2.97 3.07 0.00
#OUT 22483 2.98 3.07 0.00
#OUT 22488 2.99 1.53 0.00
#OUT 22493 3.01 3.07 0.00
#OUT 22498 3.02 3.07 0.00
#OUT 22503 3.03 3.07 0.00
#OUT 22508 3.05 1.53 0.00
#OUT 22513 3.06 3.07 0.00
#OUT 22518 3.08 3.07 0.00
#OUT 22523 3.09 3.07 0.00
#OUT 22528 3.10 3.07 0.00
#OUT 22533 3.12 3.07 0.00
#OUT 22538 3.13 3.07 0.00
#OUT 22543 -3.14 3.07 0.00
#OUT 22548 -3.12 3.07 0.00
#OUT 22553 -3.11 3.07 0.00
#OUT 22558 -3.10 3.07 0.00
#OUT 22563 -3.08 3.07 0.00
#OUT 22568 -3.07 3.07 0.00
#OUT 22573 -3.06 3.07 0.00
#OUT 22578 -3.05 3.07 0.00
#OUT 22583 -3.04 1.53 0.00
#OUT 22588 -3.02 3.07 0.00
#OUT 22593 -3.01 3.07 0.00
#OUT 22598 -3.00 3.07 0.00
#OUT 22603 -2.99 1.53 0.00
#OUT 22608 -2.98 1.53 0.00
#OUT 22613 -2.97 1.53 0.00
#OUT 22618 -2.97 1.53 0.00
#OUT 22623 -2.96 1.53 0.00
#OUT 22628 -2.95 1.53 0.00
#OUT 22633 -2.95 0.00 0.00
#OUT 22638 -2.94 1.53 0.00
#OUT 22643 -2.93 1.53 0.00
#OUT 22648 -2.93 1.53 0.00
#OUT 22653 -2.92 1.53 0.00
#OUT 22658 -2.92 0.00 0.00
#OUT 22663 -2.92 0.00 0.00
#OUT 22668 -2.91 1.53 0.00
#OUT 22673 -2.91 0.00 0.00
#OUT 22678 -2.91 1.53 0.00
#OUT 22683 -2.91 0.00 0.00
#OUT 22688 -2.91 0.00 0.00
#OUT 22693 -2.91 0.00 0.00
#OUT 22698 -2.91 0.00 0.00
#OUT 22703 -2.91 0.00 0.00
#OUT 22708 -2.91 0.00 0.00
#OUT 22713 -2.92 0.00 0.00
#OUT 22718 -2.92 -1.53 0.00
#OUT 22723 -2.92 -1.53 0.00
#OUT 22728 -2.93 -1.53 0.00
#OUT 22733 -2.93 0.00 0.00
#OUT 22738 -2.93 -1.53 0.00
#OUT 22743 -2.94 -1.53 0.00
#OUT 22748 -2.94 0.00 0.00
#OUT 22753 -2.95 0.00 0.00
#OUT 22758 -2.95 0.00 0.00
#OUT 22763 -2.96 -1.53 0.00
#OUT 22768 -2.97 -1.53 0.00
#OUT 22773 -2.97 -1.53 0.00
#OUT 22778 -2.98 0.00 0.00
#OUT 22783 -2.99 -1.53 0.00
#OUT 22788 -3.00 -1.53 0.00
#OUT 22793 -3.00 -1.53 0.00
#OUT 22798 -3.01 -1.53 0.00
#OUT 22803 -3.02 -1.53 0.00
#OUT 22808 -3.03 -1.53 0.00
#OUT 22813 -3.04 -1.53 0.00
#OUT 22818 -3.05 -3.07 0.00
#OUT 22823 -3.06 -3.07 0.00
#OUT 22828 -3.07 -1.53 0.00
#OUT 22833 -3.08 -1.53 0.00
#OUT 22838 -3.09 -3.07 0.00
#OUT 22843 -3.10 -1.53 0.00
#OUT 22848 -3.10 -1.53 0.00
#OUT 22853 -3.12 -3.07 0.00
#OUT 22858 -3.12 -1.53 0.00
#OUT 22863 -3.13 -1.53 0.00
#OUT 22868 3.14 -1.53 0.00
#OUT 22873 3.13 -1.53 0.00
#OUT 22878 3.12 -3.07 0.00
#OUT 22883 3.11 -1.53 0.00
#OUT 22888 3.10 -1.53 0.00
#OUT 22893 3.09 -3.07 0.00
#OUT 22898 3.08 -1.53 0.00
#OUT 22903 3.07 -1.53 0.00
#OUT 22908 3.06 -1.53 0.00
#OUT 22913 3.06 -1.53 0.00
#OUT 22918 3.05 -1.53 0.00
#OUT 22923 3.04 -1.53 0.00
#OUT 22928 3.03 -1.53 0.00
#OUT 22933 3.03 -1.53 0.00
#OUT 22938 3.02 -1.53 0.00
#OUT 22943 3.02 -1.53 0.00
#OUT 22948 3.01 -1.53 0.00
#OUT 22953 3.01 0.00 0.00
#OUT 22958 3.00 0.00 0.00
#OUT 22963 3.00 0.00 0.00
#OUT 22968 2.99 0.00 0.00
#OUT 22973 2.99 0.00 0.00
#OUT 22978 2.99 0.00 0.00
#OUT 22983 2.98 0.00 0.00
#OUT 22988 2.98 0.00 0.00
#OUT 22993 2.98 0.00 0.00
#OUT 22998 2.98 0.00 0.00
#OUT 23003 2.98 0.00 0.00
#OUT 23008 2.98 0.00 0.00
#OUT 23013 2.98 0.00 0.00
#OUT 23018 2.98 0.00 0.00
#OUT 23023 2.98 0.00 0.00
#OUT 23028 2.98 0.00 0.00
#OUT 23033 2.98 1.53 0.00
#OUT 23038 2.98 1.53 0.00
#OUT 23043 2.98 0.00 0.00
#OUT 23048 2.99 0.00 0.00
#OUT 23053 2.99 0.00 0.00
#OUT 23058 2.99 0.00 0.00
#OUT 23063 2.99 0.00 0.00
#OUT 23068 3.00 0.00 0.00
#OUT 23073 3.00 0.00 0.00
#OUT 23078 3.01 1.53 0.00
#OUT 23083 3.01 1.53 0.00
#OUT 23088 3.01 0.00 0.00
#OUT 23093 3.02 1.53 0.00
#OUT 23098 3.02 0.00 0.00
#OUT 23103 3.03 0.00 0.00
#OUT 23108 3.03 1.53 0.00
#OUT 23113 3.04 1.53 0.00
#OUT 23118 3.04 0.00 0.00
#OUT 23123 3.05 1.53 0.00
#OUT 23128 3.05 1.53 0.00
#OUT 23133 3.06 1.53 0.00
#OUT 23138 3.06 1.53 0.00
#OUT 23143 3.07 1.53 0.00
#OUT 23148 3.08 0.00 0.00
#OUT 23153 3.08 1.53 0.00
#OUT 23158 3.09 1.53 0.00
#OUT 23163 3.09 1.53 0.00
#OUT 23168 3.10 0.00 0.00
#OUT 23173 3.10 0.00 0.00
#OUT 23178 3.11 1.53 0.00
#OUT 23183 3.12 1.53 0.00
#OUT 23188 3.12 1.53 0.00
#OUT 23193 3.13 0.00 0.00
#OUT 23198 3.13 1.53 0.00
#OUT 23203 3.14 1.53 0.00
#OUT 23208 -3.14 1.53 0.00
#OUT 23213 -3.13 1.53 0.00
#OUT 23218 -3.13 1.53 0.00
#OUT 23223 -3.12 0.00 0.00
#OUT 23228 -3.12 0.00 0.00
#OUT 23233 -3.11 0.00 0.00
#OUT 23238 -3.11 0.00 0.00
#OUT 23243 -3.10 0.00 0.00
#OUT 23248 -3.10 0.00 0.00
#OUT 23253 -3.10 0.00 0.00
#OUT 23258 -3.09 1.53 0.00
#OUT 23263 -3.09 0.00 0.00
#OUT 23268 -3.08 1.53 0.00
#OUT 23273 -3.08 1.53 0.00
#OUT 23278 -3.08 0.00 0.00
#OUT 23283 -3.08 0.00 0.00
#OUT 23288 -3.08 0.00 0.00
#OUT 23293 -3.07 1.53 0.00
#OUT 23298 -3.07 0.00 0.00
#OUT 23303 -3.07 0.00 0.00
#OUT 23308 -3.07 1.53 0.00
#OUT 23313 -3.07 0.00 0.00
#OUT 23318 -3.07 1.53 0.00
#OUT 23323 -3.07 0.00 0.00
#OUT 23328 -3.07 0.00 0.00
#OUT 23333 -3.07 0.00 0.00
#OUT 23338 -3.07 0.00 0.00
#OUT 23343 -3.07 0.00 0.00
#OUT 23348 -3.07 0.00 0.00
#OUT 23353 -3.07 0.00 0.00
#OUT 23358 -3.07 -1.53 0.00
#OUT 23363 -3.07 0.00 0.00
#OUT 23368 -3.07 0.00 0.00
#OUT 23373 -3.07 0.00 0.00
#OUT 23378 -3.08 0.00 0.00
#OUT 23383 -3.08 -1.53 0.00
#OUT 23388 -3.08 0.00 0.00
#OUT 23393 -3.08 0.00 0.00
#OUT 23398 -3.08 0.00 0.00
#OUT 23403 -3